NAME : A-n2500-k500
COMMENT : (Generated, No of trucks: 500, Optimal value: Unknown)
TYPE : CVRP
DIMENSION : 2500
EDGE_WEIGHT_TYPE : EUC_2D
CAPACITY : 100
NODE_COORD_SECTION
 1 3179 3794
 2 2416 7312
 3 7040 2719
 4 3656 205
 5 4792 3552
 6 1193 9600
 7 1566 5984
 8 6812 2995
 9 3602 7734
 10 452 9358
 11 8751 3600
 12 5815 9326
 13 6527 6717
 14 4313 7962
 15 5173 2401
 16 3952 5999
 17 4154 5459
 18 4577 4624
 19 4209 3247
 20 665 5556
 21 6692 3270
 22 5953 1733
 23 1677 8746
 24 5203 2019
 25 9369 4535
 26 8418 4204
 27 4968 263
 28 5688 843
 29 9681 3821
 30 7586 232
 31 6732 3952
 32 3995 9139
 33 6808 8760
 34 5488 7293
 35 3373 7694
 36 6210 5462
 37 448 9448
 38 3208 6779
 39 8223 8952
 40 8802 5766
 41 1182 3105
 42 7138 4811
 43 4835 975
 44 2705 9890
 45 3535 6870
 46 7166 2387
 47 1143 393
 48 3770 318
 49 7089 4572
 50 3630 9387
 51 6342 5916
 52 6413 1568
 53 6749 425
 54 9759 4095
 55 3463 6044
 56 567 8341
 57 4267 750
 58 47 5419
 59 7039 7001
 60 6173 6794
 61 641 1626
 62 6543 2761
 63 4648 9782
 64 6918 5982
 65 9480 8253
 66 4989 1286
 67 7649 162
 68 7696 9821
 69 2180 565
 70 1928 4113
 71 635 5607
 72 4727 3848
 73 9916 3493
 74 3648 1491
 75 5470 3588
 76 727 6981
 77 1229 1142
 78 4044 9628
 79 3457 6379
 80 2599 1331
 81 1187 4708
 82 6873 4652
 83 4735 5413
 84 9235 2163
 85 9781 5286
 86 5461 6778
 87 8525 7121
 88 4662 2538
 89 6674 7937
 90 9499 5097
 91 2735 1248
 92 2177 5485
 93 2020 6966
 94 5735 2362
 95 4208 1513
 96 336 4117
 97 7665 8764
 98 3014 3756
 99 1893 3188
 100 9287 9382
 101 4784 2230
 102 914 8353
 103 2941 1731
 104 3327 8905
 105 7865 4408
 106 7707 8198
 107 4031 4192
 108 7922 7578
 109 2058 8015
 110 8725 4994
 111 7522 4115
 112 6559 2666
 113 6504 8991
 114 5871 961
 115 3119 993
 116 3171 6668
 117 4622 9235
 118 4133 3378
 119 1312 9575
 120 2500 3900
 121 4393 6810
 122 7659 6174
 123 3734 216
 124 6171 8310
 125 9020 8022
 126 4722 7691
 127 4949 2965
 128 8555 9894
 129 5555 6534
 130 4538 8217
 131 706 5746
 132 872 415
 133 7354 2862
 134 2582 735
 135 4589 5717
 136 5718 7217
 137 9027 416
 138 8408 2640
 139 4982 1290
 140 5231 7749
 141 4505 4391
 142 2311 2888
 143 3150 1286
 144 4899 9158
 145 5547 6071
 146 188 2245
 147 2003 9679
 148 5927 2198
 149 8278 746
 150 8061 1664
 151 7020 8002
 152 1563 6479
 153 8533 6354
 154 7506 1751
 155 34 4408
 156 9951 8651
 157 518 1861
 158 3397 9070
 159 7067 5653
 160 8764 3883
 161 6102 1198
 162 6373 7332
 163 4331 2605
 164 4952 5060
 165 7854 7750
 166 7265 1247
 167 214 986
 168 8570 8975
 169 6792 2499
 170 4097 5723
 171 5869 7820
 172 9416 1939
 173 5272 8457
 174 1282 9636
 175 193 5977
 176 6619 1139
 177 7525 4216
 178 7229 1861
 179 251 2884
 180 5931 9897
 181 5986 6144
 182 7777 8784
 183 8867 2692
 184 1280 3196
 185 8736 7098
 186 5093 9714
 187 5916 451
 188 2394 2298
 189 9120 884
 190 2218 7272
 191 3768 3433
 192 9336 8743
 193 8516 1844
 194 6105 7477
 195 6878 4021
 196 5944 3778
 197 3153 7725
 198 5832 2712
 199 7387 2093
 200 8161 5197
 201 6541 6032
 202 2143 974
 203 6036 4519
 204 9539 4563
 205 2484 960
 206 1437 6051
 207 8053 790
 208 2730 7045
 209 6917 9323
 210 4629 6146
 211 5725 3359
 212 2989 1576
 213 8465 1645
 214 8791 5474
 215 657 3490
 216 3203 1431
 217 5060 6418
 218 3040 7615
 219 9862 362
 220 1228 7969
 221 6217 2695
 222 6074 7661
 223 827 7086
 224 6701 8971
 225 1208 6699
 226 1945 8616
 227 8170 5756
 228 7425 4988
 229 7013 47
 230 8867 4372
 231 3775 9552
 232 301 8381
 233 3352 5290
 234 8368 372
 235 6002 4789
 236 3346 8695
 237 8539 5575
 238 531 2228
 239 1211 8330
 240 5542 2094
 241 400 7218
 242 6640 2997
 243 9237 7950
 244 6425 8966
 245 4952 1956
 246 3205 8138
 247 6869 8131
 248 401 5014
 249 5297 4763
 250 3714 1006
 251 8786 4056
 252 6670 7252
 253 1442 5864
 254 2550 6202
 255 1242 5970
 256 8516 5476
 257 3135 1820
 258 596 9588
 259 2895 5556
 260 7022 5278
 261 270 1942
 262 1261 6096
 263 9905 7313
 264 6860 3920
 265 868 7796
 266 3233 2328
 267 7360 687
 268 6865 1717
 269 5520 3273
 270 4079 5290
 271 167 9158
 272 6099 5704
 273 5033 4132
 274 9990 2792
 275 6894 7216
 276 2560 8998
 277 3068 3498
 278 9908 2690
 279 1216 8365
 280 7032 2225
 281 1551 3783
 282 4663 2083
 283 6971 3382
 284 1270 8421
 285 9699 7803
 286 4093 6409
 287 2937 3486
 288 151 7294
 289 9704 3446
 290 6775 7890
 291 2941 6478
 292 9766 3147
 293 1331 8923
 294 4567 6095
 295 7983 3928
 296 4218 3016
 297 2969 2812
 298 6776 27
 299 6393 9862
 300 737 5514
 301 2596 869
 302 5490 2393
 303 4522 6647
 304 5122 57
 305 8730 9247
 306 7960 2371
 307 7522 3761
 308 7326 6461
 309 3856 3978
 310 2499 9087
 311 4511 6441
 312 2978 4560
 313 5472 7800
 314 5861 5820
 315 3957 4533
 316 8360 4498
 317 9833 2923
 318 6050 4722
 319 6171 5844
 320 8935 1766
 321 9646 4753
 322 7889 1561
 323 3407 3960
 324 6717 6242
 325 890 5250
 326 1905 1953
 327 1607 2410
 328 8968 3504
 329 4329 677
 330 9724 5606
 331 1652 9362
 332 8705 1864
 333 5321 9479
 334 9131 5452
 335 661 3893
 336 8283 1045
 337 3102 5832
 338 6265 3117
 339 4341 8692
 340 2064 2942
 341 50 2248
 342 1852 9986
 343 4154 4025
 344 8472 8016
 345 6735 7183
 346 6177 9406
 347 9304 880
 348 483 4396
 349 7796 8903
 350 2999 2653
 351 6128 5866
 352 2307 4005
 353 4659 4764
 354 8272 3680
 355 6417 8524
 356 3227 2920
 357 8097 9239
 358 2720 3943
 359 1343 3607
 360 7268 4306
 361 5944 2973
 362 6741 6822
 363 9913 3336
 364 5624 7461
 365 9058 3498
 366 5343 9033
 367 5499 6634
 368 2682 587
 369 3141 3695
 370 6677 1134
 371 9931 3150
 372 5853 8510
 373 3726 6097
 374 2894 2454
 375 7216 2276
 376 5598 9655
 377 8665 2304
 378 3935 4984
 379 9648 7216
 380 651 6217
 381 2947 576
 382 9031 6207
 383 5594 3783
 384 5264 7271
 385 3568 2619
 386 6468 8074
 387 6338 3523
 388 8432 6495
 389 3365 4341
 390 6625 326
 391 6640 8174
 392 7993 4345
 393 346 4057
 394 5206 7459
 395 8105 4482
 396 5393 5075
 397 3531 9708
 398 4884 2653
 399 9695 4091
 400 287 9193
 401 3183 5340
 402 2534 3750
 403 7690 8889
 404 3925 2416
 405 7583 6744
 406 907 8674
 407 4696 7016
 408 6621 4707
 409 84 1988
 410 891 5607
 411 6410 2508
 412 6382 1644
 413 1691 3654
 414 3729 5469
 415 1840 4113
 416 3202 7676
 417 4972 4921
 418 5677 4290
 419 5768 7948
 420 5965 5312
 421 8930 4331
 422 3443 9165
 423 2171 687
 424 9422 3136
 425 9252 2721
 426 7624 2589
 427 48 7519
 428 9149 2911
 429 723 3780
 430 5720 238
 431 7022 8292
 432 2036 6558
 433 8869 8330
 434 429 7451
 435 5723 4054
 436 2857 3048
 437 9981 4475
 438 7072 2530
 439 1145 1247
 440 3366 2751
 441 354 9906
 442 7994 7923
 443 9459 5698
 444 7269 2732
 445 5052 4736
 446 1789 788
 447 8338 4296
 448 3309 4879
 449 6451 2048
 450 4018 5878
 451 3280 5953
 452 4532 8890
 453 1342 1403
 454 3835 1971
 455 62 6540
 456 2952 1753
 457 5432 5001
 458 5114 8196
 459 9199 4035
 460 4539 9700
 461 1421 1657
 462 1291 4070
 463 7666 4989
 464 7073 1982
 465 9652 5949
 466 6277 6415
 467 8908 7612
 468 2977 4862
 469 2233 4195
 470 6812 4681
 471 8737 7096
 472 4574 257
 473 8327 6802
 474 6583 155
 475 1970 3655
 476 5190 8206
 477 561 4904
 478 9455 8747
 479 1792 5949
 480 4861 2705
 481 3037 7389
 482 3915 4241
 483 9095 8782
 484 3112 8516
 485 2957 4515
 486 9208 210
 487 1570 7451
 488 1565 9442
 489 3690 5784
 490 7050 6414
 491 7080 1528
 492 3436 4703
 493 150 8237
 494 2952 3867
 495 1866 3422
 496 4932 2172
 497 336 7060
 498 8962 770
 499 1244 6525
 500 6395 6888
 501 1735 8691
 502 620 8393
 503 4181 2549
 504 5495 8125
 505 2602 1779
 506 8937 8280
 507 6292 1780
 508 1084 5278
 509 8243 7409
 510 4603 6427
 511 6576 6062
 512 2265 2797
 513 5585 6024
 514 7220 2507
 515 7904 1249
 516 2508 710
 517 9401 7005
 518 3373 78
 519 1660 5883
 520 7884 2880
 521 7613 6919
 522 7594 6186
 523 5111 86
 524 3148 5286
 525 7236 7658
 526 7940 2263
 527 601 1491
 528 1968 5805
 529 8777 5626
 530 4651 4475
 531 4833 4459
 532 5501 6136
 533 9847 1638
 534 7093 6399
 535 6640 1642
 536 377 21
 537 9833 1548
 538 2506 8251
 539 8721 7356
 540 9832 7590
 541 5663 6429
 542 8943 5016
 543 2591 5215
 544 4929 8933
 545 3564 8357
 546 3313 639
 547 4219 3914
 548 7148 7628
 549 1002 1954
 550 1513 457
 551 964 294
 552 2848 9096
 553 4650 7740
 554 804 3636
 555 5191 8940
 556 9512 1750
 557 861 2667
 558 2149 8328
 559 8201 4592
 560 2367 3239
 561 7478 8631
 562 8925 7184
 563 6173 7309
 564 3659 2497
 565 4811 6085
 566 6733 6753
 567 129 7164
 568 8422 8537
 569 6127 7312
 570 7283 3667
 571 5311 8778
 572 5317 2062
 573 116 2305
 574 7123 9279
 575 7962 224
 576 9965 4572
 577 8673 2063
 578 6566 5351
 579 1419 6310
 580 572 6590
 581 3499 35
 582 6431 580
 583 7353 9995
 584 9976 1954
 585 2822 1043
 586 676 4372
 587 2674 1628
 588 1598 756
 589 4605 863
 590 5059 1337
 591 2404 7754
 592 3244 9266
 593 6080 460
 594 5052 3382
 595 1945 9778
 596 2929 5465
 597 4085 400
 598 8691 3718
 599 3276 7368
 600 7620 6920
 601 6184 610
 602 9044 114
 603 8408 63
 604 443 8831
 605 4671 8735
 606 3421 935
 607 6314 8792
 608 7617 2592
 609 5078 9215
 610 3640 7735
 611 1829 231
 612 1495 6767
 613 1562 2523
 614 7781 1664
 615 7822 8582
 616 8821 6310
 617 2517 2641
 618 1919 3233
 619 1878 9401
 620 8742 3260
 621 8070 2628
 622 9308 1498
 623 9932 1538
 624 7942 3547
 625 4906 1313
 626 9208 1299
 627 3511 2808
 628 95 7485
 629 931 1980
 630 9986 2358
 631 9130 5079
 632 8477 2544
 633 5778 8489
 634 5318 9573
 635 7735 3517
 636 8102 4246
 637 7291 1551
 638 5607 9587
 639 7281 712
 640 9320 275
 641 8951 8736
 642 3063 3199
 643 7457 167
 644 834 1928
 645 589 599
 646 9868 108
 647 9240 6585
 648 9789 3543
 649 8511 9235
 650 2902 811
 651 3507 9493
 652 4123 2708
 653 3455 134
 654 4352 119
 655 3592 6216
 656 3082 8390
 657 7139 3745
 658 8877 6599
 659 5551 1306
 660 5060 9700
 661 707 1520
 662 3367 8262
 663 5306 4770
 664 5499 1412
 665 3540 2624
 666 8265 9796
 667 2576 7905
 668 9124 6653
 669 2476 4196
 670 8426 9425
 671 6134 6263
 672 750 9394
 673 5399 2284
 674 7068 1525
 675 1218 8132
 676 8989 6040
 677 4670 8104
 678 578 8073
 679 2791 7233
 680 8378 9228
 681 4452 16
 682 3424 4231
 683 7461 8437
 684 2749 8563
 685 4253 3672
 686 6482 1986
 687 8333 4023
 688 1043 8035
 689 3902 4856
 690 6052 7888
 691 9363 2024
 692 7766 8985
 693 416 2986
 694 1276 2148
 695 4796 7232
 696 9921 5323
 697 2596 7111
 698 3506 4432
 699 4650 5387
 700 8477 6924
 701 1079 6549
 702 3577 3057
 703 217 254
 704 6915 2786
 705 3150 9114
 706 9847 8172
 707 9351 9547
 708 452 6528
 709 2175 4680
 710 1855 5252
 711 8265 4488
 712 4077 9667
 713 8196 7268
 714 1187 6829
 715 909 4203
 716 66 6158
 717 9008 7549
 718 8855 7233
 719 2037 5109
 720 6909 6545
 721 5448 4389
 722 6298 8085
 723 9378 3865
 724 3243 6829
 725 6813 5234
 726 4947 220
 727 9608 7688
 728 666 6766
 729 7754 8221
 730 6543 7735
 731 5936 6420
 732 8901 2256
 733 8402 6865
 734 880 9188
 735 4544 3216
 736 5912 4061
 737 8070 6057
 738 9847 3804
 739 2560 7957
 740 4743 4881
 741 6303 4227
 742 2477 611
 743 380 3806
 744 8170 6833
 745 3300 3095
 746 7947 6226
 747 4893 8044
 748 3493 3029
 749 2950 3805
 750 3287 2098
 751 5285 7189
 752 760 1058
 753 1837 6209
 754 7636 62
 755 8025 6307
 756 519 9653
 757 230 9840
 758 9478 5659
 759 1374 8868
 760 9172 3917
 761 9117 5323
 762 3987 2724
 763 4796 6772
 764 1 4357
 765 1999 1786
 766 6455 9081
 767 4977 7630
 768 409 6678
 769 5338 1970
 770 3531 7947
 771 7885 7174
 772 425 1376
 773 9324 8113
 774 2465 2637
 775 7177 5601
 776 9705 1556
 777 684 7796
 778 1253 6700
 779 431 1183
 780 8286 9682
 781 7790 2159
 782 7296 117
 783 3831 7129
 784 5789 9685
 785 3186 8968
 786 9761 6026
 787 8769 9204
 788 7090 3426
 789 5199 7437
 790 919 9486
 791 9467 2108
 792 3198 2802
 793 6094 3063
 794 2667 3842
 795 8901 5063
 796 7116 8718
 797 4338 8500
 798 5979 1558
 799 5813 1086
 800 1694 8378
 801 8539 6738
 802 322 5104
 803 6050 7655
 804 1738 9707
 805 2476 2253
 806 9617 3502
 807 7323 1960
 808 9199 8151
 809 3125 8918
 810 8442 5940
 811 8522 9585
 812 8056 9389
 813 9826 889
 814 6902 7376
 815 7015 8410
 816 8607 9047
 817 6376 1378
 818 1304 1792
 819 9571 5405
 820 6067 4937
 821 3666 1718
 822 2871 6143
 823 3825 1721
 824 6145 4024
 825 2904 9900
 826 9608 8200
 827 1568 4340
 828 9288 2756
 829 1728 4037
 830 6293 7246
 831 8940 2349
 832 8132 4182
 833 6417 8662
 834 5195 1777
 835 3489 7077
 836 6444 4705
 837 3194 472
 838 6681 8216
 839 6824 8599
 840 2623 5603
 841 5387 6695
 842 5749 3538
 843 3071 2050
 844 5333 6449
 845 4168 341
 846 2257 5985
 847 3581 6752
 848 6879 9582
 849 5980 7517
 850 5983 7092
 851 6867 685
 852 921 5381
 853 183 7823
 854 2429 5837
 855 9783 9306
 856 5343 4596
 857 7536 5340
 858 1128 8719
 859 1114 4666
 860 1464 7924
 861 704 7837
 862 8569 3693
 863 9781 6438
 864 6080 9484
 865 7370 2298
 866 2035 8082
 867 7399 4463
 868 6823 9667
 869 2389 9557
 870 1793 732
 871 2242 8209
 872 9428 1098
 873 3484 7430
 874 4121 4940
 875 4435 5129
 876 4757 7403
 877 1282 613
 878 6071 975
 879 6960 1315
 880 1160 5870
 881 2595 4807
 882 5937 4004
 883 6019 7553
 884 5232 2082
 885 2862 5683
 886 6853 5277
 887 5809 8048
 888 5102 1921
 889 2511 9275
 890 6018 9463
 891 1130 4777
 892 9952 6589
 893 8725 1906
 894 7822 2514
 895 5224 6197
 896 1446 1023
 897 4786 556
 898 494 985
 899 5098 9378
 900 8939 6153
 901 6475 6584
 902 1301 4097
 903 7369 3429
 904 8996 7135
 905 5400 1821
 906 865 9101
 907 2813 6298
 908 4974 5195
 909 912 5302
 910 9498 8056
 911 6328 4788
 912 3804 4562
 913 4660 27
 914 4112 9466
 915 813 1227
 916 2093 2368
 917 862 5256
 918 733 4615
 919 5753 2192
 920 7847 1035
 921 8270 6138
 922 9108 5172
 923 3331 7029
 924 6262 7213
 925 9946 3883
 926 4911 9103
 927 3362 837
 928 5697 1615
 929 82 3257
 930 4358 3270
 931 3507 9951
 932 4520 4687
 933 5050 1251
 934 9335 996
 935 5446 5917
 936 2354 2936
 937 8832 3816
 938 3495 2582
 939 2218 3184
 940 650 2041
 941 4862 7932
 942 3860 3390
 943 2614 1897
 944 1439 3931
 945 8460 1537
 946 295 4036
 947 7473 3557
 948 3332 2725
 949 2228 8027
 950 2892 7602
 951 7855 5829
 952 3004 7213
 953 4305 5444
 954 3262 7353
 955 6168 4093
 956 7652 2739
 957 2432 3999
 958 5611 8470
 959 6798 8184
 960 5093 3972
 961 7770 715
 962 2616 5029
 963 4764 2751
 964 9451 9333
 965 4370 9172
 966 6972 9770
 967 9161 5029
 968 2403 3652
 969 7349 7090
 970 7956 4080
 971 8206 8248
 972 6164 3058
 973 5120 2204
 974 6146 2278
 975 3722 7278
 976 2220 5623
 977 7711 2635
 978 862 6397
 979 7143 6344
 980 4445 2034
 981 3151 6567
 982 7472 1256
 983 3681 2637
 984 4188 8495
 985 5902 7027
 986 1253 4212
 987 9025 4121
 988 6639 5177
 989 4576 3950
 990 3607 9128
 991 7246 1495
 992 7889 1081
 993 9430 1424
 994 6342 2092
 995 5436 9155
 996 3477 3144
 997 4618 8821
 998 347 4173
 999 4191 1664
 1000 4562 495
 1001 677 7501
 1002 9016 4335
 1003 9847 4736
 1004 42 9618
 1005 8321 969
 1006 7855 9696
 1007 5599 6966
 1008 5820 9900
 1009 2558 8942
 1010 8230 8977
 1011 687 6052
 1012 1273 9880
 1013 2252 6404
 1014 4647 6090
 1015 9525 7475
 1016 6488 837
 1017 911 2556
 1018 3617 9392
 1019 2236 5949
 1020 5928 988
 1021 5430 7667
 1022 5037 5862
 1023 462 7096
 1024 422 3481
 1025 2556 6213
 1026 4783 8056
 1027 1198 9954
 1028 8202 44
 1029 2885 5107
 1030 4600 7101
 1031 5846 333
 1032 1065 1489
 1033 9491 5743
 1034 6136 6010
 1035 1627 3072
 1036 3373 545
 1037 6673 5366
 1038 986 2441
 1039 5036 5494
 1040 7475 3661
 1041 8726 8015
 1042 7622 2034
 1043 8382 6503
 1044 9678 2579
 1045 299 9949
 1046 1673 1511
 1047 2347 5469
 1048 4317 816
 1049 2602 6443
 1050 1917 8273
 1051 8120 6273
 1052 863 9137
 1053 7337 2554
 1054 9490 2731
 1055 9872 5020
 1056 8492 2440
 1057 7987 6600
 1058 3356 855
 1059 1264 671
 1060 2862 2963
 1061 3096 2651
 1062 3513 8895
 1063 3933 5458
 1064 8363 1403
 1065 1411 8992
 1066 973 5875
 1067 4120 1690
 1068 9230 5222
 1069 9961 6499
 1070 1603 6641
 1071 4581 7073
 1072 410 840
 1073 2867 6406
 1074 8817 7729
 1075 3377 792
 1076 9387 4990
 1077 1892 7292
 1078 3088 8198
 1079 2976 4335
 1080 3420 8615
 1081 4949 2219
 1082 4974 4475
 1083 889 8539
 1084 3839 444
 1085 8362 9492
 1086 5709 920
 1087 2630 2109
 1088 5771 2630
 1089 2599 5720
 1090 808 7586
 1091 5941 5544
 1092 2600 5216
 1093 9808 7000
 1094 7335 3932
 1095 4383 9305
 1096 4159 9587
 1097 4905 1764
 1098 3131 1418
 1099 8378 7646
 1100 1881 4940
 1101 2417 8689
 1102 3003 3588
 1103 2116 8160
 1104 8013 8581
 1105 2738 7448
 1106 2086 9890
 1107 2368 3038
 1108 8505 2935
 1109 9970 9963
 1110 1421 4321
 1111 1197 4941
 1112 5276 6749
 1113 113 8152
 1114 9709 520
 1115 1113 3441
 1116 8355 2419
 1117 2250 9345
 1118 232 4310
 1119 3374 3063
 1120 4100 9288
 1121 4363 7057
 1122 3342 8427
 1123 6593 7848
 1124 664 7168
 1125 555 9568
 1126 6758 5461
 1127 2304 6698
 1128 4929 6151
 1129 6728 168
 1130 1831 791
 1131 7937 9583
 1132 7846 7732
 1133 6340 3769
 1134 4587 8450
 1135 9829 700
 1136 9801 9021
 1137 1942 7858
 1138 9519 6155
 1139 8140 4604
 1140 1784 3295
 1141 6303 371
 1142 7516 8288
 1143 2480 3187
 1144 6840 9391
 1145 5654 9936
 1146 4369 2029
 1147 4953 4135
 1148 638 3799
 1149 6301 197
 1150 1429 8804
 1151 114 2761
 1152 1673 1655
 1153 9308 3943
 1154 1739 9236
 1155 3885 9722
 1156 7268 6729
 1157 4083 5399
 1158 4071 1088
 1159 1653 9981
 1160 6651 948
 1161 5845 4258
 1162 4119 883
 1163 5504 1728
 1164 4181 4338
 1165 9235 6459
 1166 2375 2993
 1167 2278 9528
 1168 3935 9091
 1169 7801 7728
 1170 4362 5710
 1171 8570 4701
 1172 4928 1354
 1173 9900 7842
 1174 7619 7208
 1175 4971 7468
 1176 7047 9252
 1177 2994 9320
 1178 8164 7030
 1179 1250 1590
 1180 5602 7714
 1181 6697 9809
 1182 5952 38
 1183 1345 6352
 1184 2718 2075
 1185 8430 5453
 1186 1912 1216
 1187 4165 6382
 1188 908 182
 1189 7234 9217
 1190 5759 8038
 1191 4723 3800
 1192 6563 4920
 1193 3357 1345
 1194 5029 6913
 1195 7061 4077
 1196 7620 8378
 1197 6172 8751
 1198 124 9898
 1199 5416 4706
 1200 3282 8135
 1201 3507 33
 1202 6900 5172
 1203 6688 5520
 1204 5007 1584
 1205 688 7868
 1206 8538 6911
 1207 8536 8118
 1208 1755 9166
 1209 9138 786
 1210 3539 70
 1211 4416 4658
 1212 783 6533
 1213 6791 382
 1214 7588 3044
 1215 3016 9105
 1216 3323 4765
 1217 8073 4523
 1218 7865 1406
 1219 3572 4017
 1220 4571 4813
 1221 3120 119
 1222 3975 1497
 1223 824 8877
 1224 3235 9518
 1225 7978 7639
 1226 9739 479
 1227 2110 1424
 1228 648 1587
 1229 5801 9813
 1230 4019 146
 1231 735 1307
 1232 8563 9338
 1233 9079 7616
 1234 2552 9559
 1235 3636 1691
 1236 3074 9139
 1237 7270 337
 1238 1576 8163
 1239 262 3749
 1240 9360 6243
 1241 3507 9431
 1242 3227 4577
 1243 3524 2493
 1244 9865 8194
 1245 2580 8237
 1246 5273 7856
 1247 7249 4550
 1248 7978 2711
 1249 6918 48
 1250 3162 6260
 1251 5117 5362
 1252 4020 1059
 1253 1762 1905
 1254 943 2106
 1255 506 5140
 1256 5067 99
 1257 9899 8254
 1258 7848 5303
 1259 7888 5512
 1260 3906 861
 1261 9791 3677
 1262 9015 5020
 1263 7646 9780
 1264 6493 5766
 1265 7678 8782
 1266 2088 7577
 1267 3762 2760
 1268 5479 7512
 1269 1553 6655
 1270 2089 6598
 1271 1193 2562
 1272 5551 9919
 1273 8052 9125
 1274 2959 4432
 1275 930 4659
 1276 8193 7498
 1277 3806 4740
 1278 5584 438
 1279 361 1628
 1280 5154 6616
 1281 5673 672
 1282 646 8124
 1283 3966 2222
 1284 7690 3856
 1285 9736 3668
 1286 7385 6278
 1287 4194 1977
 1288 3762 140
 1289 2857 1697
 1290 5274 6758
 1291 3208 8192
 1292 3510 6959
 1293 6350 1826
 1294 7386 9215
 1295 575 7258
 1296 8570 2452
 1297 2023 4134
 1298 1249 7358
 1299 6000 9728
 1300 2379 6634
 1301 7104 4057
 1302 1849 8017
 1303 6958 5104
 1304 3826 7896
 1305 8337 161
 1306 9809 4868
 1307 9408 4910
 1308 8221 6889
 1309 1246 5817
 1310 752 7523
 1311 1032 3685
 1312 3002 3752
 1313 4118 908
 1314 1014 7591
 1315 5810 2103
 1316 6446 8017
 1317 5552 3796
 1318 4215 6593
 1319 3353 2321
 1320 9561 2799
 1321 6989 4154
 1322 9890 7551
 1323 2271 7860
 1324 9828 9529
 1325 6109 6763
 1326 6192 5506
 1327 111 2038
 1328 7544 6886
 1329 3286 6081
 1330 4843 1969
 1331 6686 3820
 1332 1902 4776
 1333 1191 5817
 1334 5555 6249
 1335 6514 7503
 1336 6310 982
 1337 1147 3554
 1338 5252 4519
 1339 8412 7612
 1340 7696 4587
 1341 2480 7530
 1342 6798 2045
 1343 6053 3771
 1344 7496 1667
 1345 8210 9234
 1346 3128 7014
 1347 4099 1467
 1348 2998 563
 1349 5473 4256
 1350 5784 635
 1351 5381 7663
 1352 2414 9076
 1353 2399 9870
 1354 2478 1157
 1355 4417 3267
 1356 547 2932
 1357 9070 8032
 1358 2381 9297
 1359 8828 7514
 1360 7312 9782
 1361 6348 5140
 1362 6144 374
 1363 6042 308
 1364 6678 9612
 1365 1926 7698
 1366 4774 1886
 1367 9127 2143
 1368 7976 9797
 1369 1229 8115
 1370 3496 9962
 1371 7771 8665
 1372 7539 9093
 1373 4294 8654
 1374 9619 1546
 1375 2190 5844
 1376 476 5015
 1377 9743 6810
 1378 3535 8282
 1379 9667 6972
 1380 9124 2763
 1381 6767 561
 1382 4527 2088
 1383 1308 8403
 1384 5718 2698
 1385 8053 2614
 1386 392 3453
 1387 5048 9522
 1388 7768 6918
 1389 1864 6683
 1390 5726 8851
 1391 985 3807
 1392 205 4920
 1393 6865 9348
 1394 4515 5552
 1395 756 4521
 1396 6726 4178
 1397 6644 1075
 1398 3163 6078
 1399 6820 561
 1400 7258 4447
 1401 6889 4298
 1402 4141 381
 1403 7455 7740
 1404 264 7865
 1405 4175 28
 1406 6956 4117
 1407 1116 6563
 1408 9137 9739
 1409 8880 9694
 1410 8189 1249
 1411 7464 7224
 1412 3854 5689
 1413 7698 6168
 1414 4416 4355
 1415 3543 3510
 1416 4164 5329
 1417 9131 4038
 1418 1883 9293
 1419 7753 3087
 1420 2325 6335
 1421 99 1171
 1422 7852 3579
 1423 7179 2223
 1424 6183 3510
 1425 3946 8481
 1426 125 3476
 1427 3603 6882
 1428 2736 1398
 1429 9836 2601
 1430 3914 691
 1431 8663 2869
 1432 9970 7370
 1433 8491 9152
 1434 8124 639
 1435 151 9323
 1436 2842 4364
 1437 28 8135
 1438 4667 1005
 1439 5423 2954
 1440 7264 5122
 1441 5555 6007
 1442 9292 5552
 1443 629 5478
 1444 1401 2969
 1445 4079 7982
 1446 665 3567
 1447 7932 3121
 1448 8645 8594
 1449 1541 972
 1450 4208 5927
 1451 9007 3344
 1452 7829 6993
 1453 3023 4373
 1454 5088 2091
 1455 3387 9084
 1456 8885 7835
 1457 278 7245
 1458 8960 9690
 1459 7506 533
 1460 1040 7889
 1461 1172 1673
 1462 7220 5113
 1463 111 4673
 1464 1338 5294
 1465 1150 4373
 1466 146 1779
 1467 6540 9056
 1468 1906 4839
 1469 9637 1872
 1470 7764 5150
 1471 38 5705
 1472 2786 4972
 1473 6585 5779
 1474 3109 7609
 1475 5329 2221
 1476 6861 9616
 1477 5487 8429
 1478 9649 673
 1479 5115 2250
 1480 1235 8804
 1481 9399 7323
 1482 3996 6071
 1483 3082 6930
 1484 9598 6406
 1485 1117 411
 1486 4590 2034
 1487 9002 8522
 1488 8245 5925
 1489 9483 1966
 1490 6160 2858
 1491 7245 8061
 1492 4487 7700
 1493 9118 4190
 1494 5055 6963
 1495 9658 8960
 1496 6137 201
 1497 5603 6408
 1498 9019 3875
 1499 3719 3239
 1500 7810 8654
 1501 7605 1931
 1502 5835 5647
 1503 9333 5660
 1504 7610 7126
 1505 5311 667
 1506 8036 3730
 1507 4605 4705
 1508 7246 9017
 1509 2803 7305
 1510 3820 5203
 1511 6634 3667
 1512 8844 8045
 1513 7328 1679
 1514 6057 6418
 1515 5668 3274
 1516 6501 7882
 1517 4928 6661
 1518 1433 346
 1519 9193 7925
 1520 7345 4945
 1521 348 5902
 1522 6409 8171
 1523 7277 8904
 1524 7296 4476
 1525 2412 9237
 1526 3842 724
 1527 6467 9501
 1528 6685 3212
 1529 9377 4540
 1530 2971 7317
 1531 3942 1835
 1532 2869 2637
 1533 8368 3430
 1534 7630 8517
 1535 1219 2506
 1536 1411 6427
 1537 999 6867
 1538 3431 9208
 1539 784 3466
 1540 8548 5833
 1541 6875 350
 1542 6995 4544
 1543 9485 6740
 1544 9573 2541
 1545 5852 6243
 1546 7281 6757
 1547 3198 3022
 1548 4507 4778
 1549 7959 8913
 1550 689 5013
 1551 2683 6985
 1552 455 7129
 1553 38 3154
 1554 1447 4075
 1555 5148 1020
 1556 4643 4271
 1557 1544 8709
 1558 5709 3937
 1559 724 8586
 1560 6204 8452
 1561 9533 4342
 1562 5442 9009
 1563 2323 2002
 1564 8524 7267
 1565 7599 1680
 1566 6770 3581
 1567 230 9162
 1568 9934 2616
 1569 1603 1558
 1570 577 4195
 1571 5894 188
 1572 4451 9884
 1573 5915 8054
 1574 2352 7633
 1575 4667 8030
 1576 3708 1564
 1577 9577 8924
 1578 206 6660
 1579 1592 8199
 1580 7449 7192
 1581 6750 2324
 1582 7215 9023
 1583 441 3056
 1584 3680 6580
 1585 9270 4391
 1586 9162 7583
 1587 2403 3025
 1588 732 7389
 1589 3572 7487
 1590 5547 6366
 1591 2413 6043
 1592 129 3717
 1593 9599 7555
 1594 1421 8898
 1595 8003 1787
 1596 7781 1152
 1597 680 6387
 1598 2855 7170
 1599 4030 68
 1600 8703 7668
 1601 5153 8082
 1602 7695 6191
 1603 8802 3252
 1604 8317 6869
 1605 5811 8113
 1606 1938 1526
 1607 9174 5780
 1608 567 1230
 1609 563 3945
 1610 397 1582
 1611 62 9146
 1612 5156 3619
 1613 9919 4636
 1614 9117 11
 1615 6203 681
 1616 2462 5677
 1617 2694 6687
 1618 3774 8413
 1619 1307 4964
 1620 471 9473
 1621 4353 870
 1622 7114 7312
 1623 7297 4168
 1624 3938 1563
 1625 8052 96
 1626 5279 6556
 1627 6790 163
 1628 3196 4534
 1629 3721 2488
 1630 5399 2650
 1631 8693 9077
 1632 5745 7482
 1633 9284 6180
 1634 9483 6839
 1635 6852 7917
 1636 9185 6247
 1637 5864 75
 1638 1741 4092
 1639 7007 8810
 1640 5728 1430
 1641 967 7938
 1642 4828 5250
 1643 9767 5055
 1644 1393 5992
 1645 800 9343
 1646 3857 6015
 1647 7413 3422
 1648 4870 5349
 1649 1226 8738
 1650 3003 1457
 1651 9956 6417
 1652 6019 5865
 1653 4957 3297
 1654 2561 9694
 1655 8488 1760
 1656 1871 8043
 1657 5837 9454
 1658 4691 689
 1659 3807 631
 1660 8070 4242
 1661 6481 4354
 1662 5640 2413
 1663 8808 8921
 1664 9477 983
 1665 9500 8041
 1666 9029 8928
 1667 496 6275
 1668 2814 4158
 1669 7436 9176
 1670 7154 1612
 1671 6090 9438
 1672 7973 5238
 1673 6113 9628
 1674 997 2229
 1675 359 4429
 1676 7282 5236
 1677 3045 7077
 1678 3729 9285
 1679 5128 7201
 1680 1508 7203
 1681 8377 5786
 1682 1416 8675
 1683 1198 316
 1684 9345 1772
 1685 316 299
 1686 3005 4798
 1687 1965 711
 1688 3401 2078
 1689 7430 4915
 1690 5020 4499
 1691 2534 3661
 1692 1961 3940
 1693 7427 9102
 1694 9324 8362
 1695 7361 9257
 1696 5295 44
 1697 5689 9025
 1698 6022 4168
 1699 2702 9619
 1700 3993 1355
 1701 8301 8666
 1702 2462 6131
 1703 4110 8810
 1704 1024 1193
 1705 2941 2635
 1706 4078 8461
 1707 6457 8907
 1708 641 7106
 1709 4659 5018
 1710 1909 5649
 1711 8562 3448
 1712 2652 5245
 1713 2292 9973
 1714 5290 8408
 1715 7190 2485
 1716 4879 1661
 1717 6128 786
 1718 6964 8083
 1719 5742 1861
 1720 2520 2773
 1721 9489 1524
 1722 6242 5073
 1723 8636 6975
 1724 6889 2417
 1725 8428 5854
 1726 8588 7926
 1727 618 6083
 1728 4990 439
 1729 4692 8591
 1730 3841 150
 1731 4905 7228
 1732 5629 4691
 1733 9636 937
 1734 7322 477
 1735 2774 2421
 1736 43 8215
 1737 7207 3991
 1738 2716 785
 1739 6270 8473
 1740 2866 4635
 1741 8795 7090
 1742 6125 3869
 1743 239 4169
 1744 9645 8288
 1745 2046 1842
 1746 2169 9771
 1747 8282 8701
 1748 9231 8735
 1749 422 15
 1750 2984 6339
 1751 6707 2844
 1752 2733 3753
 1753 6102 7488
 1754 4806 9230
 1755 2464 1514
 1756 2353 1731
 1757 3042 4585
 1758 7102 6015
 1759 4735 1047
 1760 8143 2870
 1761 1286 3768
 1762 4733 9782
 1763 3005 1150
 1764 9819 8300
 1765 9446 812
 1766 8120 4936
 1767 5131 305
 1768 1600 7371
 1769 27 3488
 1770 4231 9401
 1771 5921 5205
 1772 4533 3795
 1773 3690 5937
 1774 2097 7180
 1775 5001 8729
 1776 7267 2455
 1777 5424 6965
 1778 7324 2897
 1779 5714 6552
 1780 934 4295
 1781 8843 7757
 1782 9432 5273
 1783 6652 5924
 1784 2842 4614
 1785 7424 8623
 1786 8796 8129
 1787 8203 9691
 1788 1853 9958
 1789 8975 7544
 1790 9972 789
 1791 3551 8104
 1792 1527 3663
 1793 1901 4761
 1794 9999 5624
 1795 4957 4973
 1796 1945 4261
 1797 3756 7155
 1798 5597 2691
 1799 2360 5251
 1800 5348 9624
 1801 7233 9342
 1802 9963 6305
 1803 872 9260
 1804 5488 1597
 1805 478 9827
 1806 4226 3847
 1807 2335 6398
 1808 9027 4040
 1809 7310 7006
 1810 6177 4390
 1811 6690 528
 1812 693 2952
 1813 1574 7681
 1814 2216 9530
 1815 8734 3586
 1816 5185 3356
 1817 2023 1059
 1818 6681 2786
 1819 3115 401
 1820 2928 3895
 1821 3999 9129
 1822 1260 2361
 1823 7459 3484
 1824 1135 5402
 1825 1217 6065
 1826 910 970
 1827 5385 107
 1828 7237 3861
 1829 7442 2738
 1830 3880 8188
 1831 3145 6048
 1832 4868 3117
 1833 5646 1138
 1834 6757 7667
 1835 3448 5634
 1836 2137 482
 1837 7267 6230
 1838 9207 6986
 1839 9418 8967
 1840 6583 4756
 1841 432 6474
 1842 6254 6722
 1843 7403 1591
 1844 3481 3845
 1845 3205 2295
 1846 2167 7562
 1847 1360 6069
 1848 9421 4488
 1849 959 7242
 1850 1525 7209
 1851 2730 3936
 1852 9356 8869
 1853 3749 3510
 1854 7714 4192
 1855 3852 2041
 1856 7030 7100
 1857 6708 1834
 1858 6947 5882
 1859 7253 6595
 1860 9860 7638
 1861 7314 1877
 1862 2802 20
 1863 2531 9585
 1864 2521 6740
 1865 1171 118
 1866 1751 2998
 1867 2392 2890
 1868 581 1478
 1869 8460 9785
 1870 8481 5372
 1871 3551 6633
 1872 1057 9021
 1873 3455 7896
 1874 4663 7225
 1875 262 8577
 1876 1789 880
 1877 9597 2131
 1878 4302 8646
 1879 4291 569
 1880 362 8089
 1881 8736 3029
 1882 7025 4225
 1883 9428 7620
 1884 7740 950
 1885 5933 7181
 1886 940 3339
 1887 2811 3267
 1888 5652 3343
 1889 3168 3183
 1890 1842 9693
 1891 7353 8241
 1892 2179 7518
 1893 1686 5065
 1894 9570 6839
 1895 5536 9853
 1896 4979 8846
 1897 7955 6224
 1898 9859 7198
 1899 3633 845
 1900 1964 1447
 1901 3483 9914
 1902 3430 8605
 1903 49 7313
 1904 3957 4484
 1905 8963 4390
 1906 4176 6737
 1907 5711 3776
 1908 547 3288
 1909 1111 2534
 1910 1177 3746
 1911 5756 9621
 1912 4646 3052
 1913 4189 8343
 1914 8766 6301
 1915 1687 4658
 1916 7698 8294
 1917 8628 9833
 1918 464 4685
 1919 3063 2282
 1920 5332 2759
 1921 5006 6231
 1922 9656 6697
 1923 6610 837
 1924 5375 391
 1925 4186 7940
 1926 5825 7824
 1927 4665 1950
 1928 6426 223
 1929 3648 3830
 1930 8847 5060
 1931 5672 2308
 1932 3502 6178
 1933 4941 5481
 1934 2444 8359
 1935 7001 7358
 1936 8510 3425
 1937 3343 3700
 1938 1907 4515
 1939 8646 4445
 1940 9653 5126
 1941 4272 4804
 1942 8776 2674
 1943 5122 9210
 1944 9475 6844
 1945 6406 3876
 1946 8139 7900
 1947 2417 8206
 1948 7016 5574
 1949 6327 6727
 1950 9406 8882
 1951 8875 8645
 1952 3036 1265
 1953 9135 1915
 1954 2910 7748
 1955 2640 6727
 1956 9783 8532
 1957 2283 4411
 1958 7078 7835
 1959 3468 6048
 1960 8315 3360
 1961 7435 476
 1962 6994 9315
 1963 7701 4589
 1964 9262 9744
 1965 8622 9798
 1966 1473 9917
 1967 5561 9783
 1968 6324 6094
 1969 6830 9327
 1970 3140 7874
 1971 8605 6528
 1972 8759 3847
 1973 3855 5231
 1974 7428 4895
 1975 8280 1842
 1976 1908 4826
 1977 1671 1286
 1978 2554 4499
 1979 6684 6917
 1980 6793 7993
 1981 7659 8051
 1982 3767 2680
 1983 8331 6850
 1984 3216 1274
 1985 6250 6130
 1986 4806 4976
 1987 2003 5393
 1988 5370 9385
 1989 1115 9348
 1990 7495 9593
 1991 1777 7539
 1992 6137 2652
 1993 2971 7992
 1994 4282 2235
 1995 8002 97
 1996 9020 6616
 1997 70 7468
 1998 1953 7930
 1999 8447 3006
 2000 3681 1991
 2001 3980 5772
 2002 1504 4282
 2003 6349 6699
 2004 2074 8632
 2005 3227 7639
 2006 5036 2909
 2007 305 1441
 2008 2282 1325
 2009 5479 9515
 2010 8315 6789
 2011 1254 1884
 2012 6338 7960
 2013 6116 6067
 2014 4464 7853
 2015 8997 991
 2016 6265 8186
 2017 2073 2269
 2018 9667 8841
 2019 2746 7212
 2020 9199 5144
 2021 6135 8372
 2022 2318 8966
 2023 7736 4578
 2024 177 1129
 2025 4630 7625
 2026 1234 1117
 2027 1201 3821
 2028 251 8194
 2029 4493 9007
 2030 1730 7205
 2031 9717 7173
 2032 2516 5295
 2033 173 7696
 2034 6222 3895
 2035 4929 9915
 2036 7082 1827
 2037 9865 9005
 2038 9674 9197
 2039 9628 4773
 2040 9521 8864
 2041 5606 1810
 2042 5902 8587
 2043 8746 7192
 2044 2838 3237
 2045 6782 8620
 2046 2975 41
 2047 1554 7431
 2048 2639 9582
 2049 2760 1604
 2050 3869 9864
 2051 7162 1017
 2052 5645 7567
 2053 1365 5509
 2054 7444 5995
 2055 4804 1005
 2056 8265 5262
 2057 9189 1209
 2058 3440 911
 2059 2449 4697
 2060 4434 5278
 2061 9776 3542
 2062 7545 1284
 2063 4951 3508
 2064 277 9879
 2065 5369 2697
 2066 9737 3900
 2067 8289 4261
 2068 8102 7309
 2069 4795 9616
 2070 6423 316
 2071 7177 1653
 2072 4454 3177
 2073 604 7536
 2074 3948 6962
 2075 3494 4719
 2076 1421 6406
 2077 6596 722
 2078 4199 4441
 2079 2813 5311
 2080 9828 8958
 2081 6383 49
 2082 7695 903
 2083 9144 5037
 2084 4374 8667
 2085 4082 8722
 2086 4731 4964
 2087 6978 2809
 2088 9908 6511
 2089 6403 1969
 2090 2436 4279
 2091 1920 9573
 2092 3668 9153
 2093 2688 5759
 2094 7220 7786
 2095 6507 2836
 2096 4235 3659
 2097 3392 9156
 2098 4781 1191
 2099 8098 9746
 2100 9624 8362
 2101 5033 2785
 2102 4761 1925
 2103 3106 1174
 2104 9282 3612
 2105 5163 9065
 2106 1670 8451
 2107 9322 330
 2108 2688 6226
 2109 9520 7238
 2110 1575 3593
 2111 674 7324
 2112 1658 6504
 2113 9031 3334
 2114 375 2307
 2115 6153 6316
 2116 4062 6075
 2117 69 7121
 2118 5128 3422
 2119 7908 4395
 2120 1600 6518
 2121 5440 5672
 2122 3983 3341
 2123 9738 7397
 2124 4599 5623
 2125 4601 333
 2126 2428 3853
 2127 5705 3172
 2128 8599 7985
 2129 91 6713
 2130 1699 6154
 2131 5483 8546
 2132 3809 5803
 2133 8362 8391
 2134 8432 8679
 2135 3223 7856
 2136 5267 6004
 2137 6199 2979
 2138 4778 5069
 2139 9612 889
 2140 3073 9773
 2141 7445 6415
 2142 4842 8134
 2143 7988 515
 2144 2411 6689
 2145 252 7533
 2146 7337 9739
 2147 7472 6501
 2148 4927 9557
 2149 8476 2846
 2150 8603 9326
 2151 6689 6789
 2152 6675 9840
 2153 2269 2427
 2154 6200 8355
 2155 8362 6739
 2156 498 2268
 2157 5153 1181
 2158 9407 5969
 2159 5534 7209
 2160 1889 2923
 2161 4212 83
 2162 8359 8178
 2163 7790 8633
 2164 1595 8844
 2165 1238 3920
 2166 9189 8242
 2167 9051 3811
 2168 7286 7580
 2169 8484 5329
 2170 7492 9812
 2171 777 3232
 2172 3740 3196
 2173 8573 5971
 2174 9832 5239
 2175 2028 8779
 2176 216 6437
 2177 25 7371
 2178 1450 6095
 2179 5561 1235
 2180 7308 1952
 2181 2489 7623
 2182 8378 9336
 2183 8028 3254
 2184 2622 1677
 2185 1586 4715
 2186 5406 927
 2187 4702 6072
 2188 2837 9449
 2189 4885 806
 2190 810 9317
 2191 3311 4157
 2192 8876 5651
 2193 7389 6619
 2194 430 2091
 2195 7734 3489
 2196 2116 4071
 2197 5288 1750
 2198 9321 5759
 2199 5660 6010
 2200 9686 6188
 2201 5339 7921
 2202 9524 1888
 2203 3725 7019
 2204 8927 1678
 2205 9577 7205
 2206 6557 5171
 2207 8504 9121
 2208 5841 3109
 2209 8927 8328
 2210 8164 1984
 2211 329 6617
 2212 1687 4118
 2213 2651 236
 2214 6047 9690
 2215 611 8530
 2216 4581 7889
 2217 5588 1771
 2218 8460 8636
 2219 2687 3789
 2220 4960 9199
 2221 7953 2506
 2222 5748 2429
 2223 5259 1075
 2224 6505 1293
 2225 1756 7072
 2226 3 8433
 2227 4892 3560
 2228 3009 710
 2229 6156 6484
 2230 4634 3802
 2231 6738 191
 2232 517 4079
 2233 6153 6461
 2234 6372 2334
 2235 3751 5261
 2236 4899 3967
 2237 5679 5911
 2238 6982 4895
 2239 9837 4130
 2240 3167 393
 2241 9732 6684
 2242 2662 4740
 2243 9937 9228
 2244 7721 9605
 2245 6925 8651
 2246 8664 2133
 2247 6562 7580
 2248 4408 8834
 2249 8792 3458
 2250 7091 8186
 2251 8910 2139
 2252 6876 4436
 2253 4673 5175
 2254 8782 9157
 2255 9816 8702
 2256 943 3408
 2257 8186 9293
 2258 9216 6574
 2259 1055 9565
 2260 4583 6114
 2261 2965 6065
 2262 1621 1071
 2263 5932 4524
 2264 169 4389
 2265 5357 9083
 2266 4375 5185
 2267 6158 320
 2268 4117 4849
 2269 20 837
 2270 9936 4035
 2271 8305 7918
 2272 3494 2478
 2273 6643 8154
 2274 124 2560
 2275 903 7947
 2276 9391 8420
 2277 7664 6571
 2278 4475 1081
 2279 4512 1184
 2280 5515 1981
 2281 4914 4767
 2282 7716 4806
 2283 3950 9980
 2284 3623 5940
 2285 7800 5122
 2286 5980 7688
 2287 3601 1455
 2288 4019 374
 2289 2684 4639
 2290 1072 7697
 2291 9840 5120
 2292 5429 5586
 2293 9454 2832
 2294 4315 897
 2295 4761 4431
 2296 8423 5926
 2297 9113 303
 2298 3987 7654
 2299 2699 3749
 2300 4464 8400
 2301 2873 9690
 2302 5113 6057
 2303 4718 3778
 2304 785 984
 2305 4648 1606
 2306 5740 1801
 2307 2635 1577
 2308 835 7362
 2309 1712 4122
 2310 5794 4473
 2311 274 2553
 2312 6845 5021
 2313 3882 6273
 2314 6372 2775
 2315 9394 7697
 2316 8596 9442
 2317 2808 3452
 2318 5881 7624
 2319 4888 3354
 2320 4666 2325
 2321 3452 1615
 2322 181 5041
 2323 8381 3791
 2324 4565 5598
 2325 8497 9856
 2326 7350 1142
 2327 8425 2668
 2328 6425 4616
 2329 5474 5586
 2330 8464 5331
 2331 2110 8943
 2332 2483 4083
 2333 1716 7361
 2334 195 2757
 2335 4636 3859
 2336 5103 7676
 2337 2933 9231
 2338 508 2116
 2339 5817 9126
 2340 9706 739
 2341 5781 814
 2342 7417 1989
 2343 297 4451
 2344 6715 2125
 2345 3948 4898
 2346 7911 4850
 2347 5535 5419
 2348 9852 6003
 2349 2859 8077
 2350 9546 6670
 2351 93 5187
 2352 4580 7607
 2353 2537 6092
 2354 7338 8490
 2355 6226 7362
 2356 667 4157
 2357 1589 5640
 2358 1818 464
 2359 7567 3367
 2360 6497 9997
 2361 5138 6228
 2362 2779 4464
 2363 8451 4468
 2364 4726 8749
 2365 4091 7525
 2366 7967 351
 2367 9842 7177
 2368 9653 9258
 2369 2324 1465
 2370 1101 7213
 2371 1615 8490
 2372 3386 6978
 2373 6955 1456
 2374 7045 6543
 2375 7743 1002
 2376 393 7937
 2377 3207 7248
 2378 8750 1375
 2379 5343 59
 2380 7101 4103
 2381 1997 2124
 2382 9741 8145
 2383 4754 2529
 2384 2695 6774
 2385 5041 2182
 2386 6621 7762
 2387 7394 4435
 2388 9534 5724
 2389 411 9371
 2390 3549 1610
 2391 3383 6499
 2392 8897 9569
 2393 1825 7214
 2394 5552 9201
 2395 8939 2633
 2396 7884 9685
 2397 3076 1208
 2398 5188 2087
 2399 9160 2595
 2400 5291 7687
 2401 5116 4580
 2402 3251 8063
 2403 8500 5444
 2404 1157 4504
 2405 25 1975
 2406 4693 9656
 2407 3529 6385
 2408 4038 1107
 2409 467 6841
 2410 7519 7002
 2411 7525 2693
 2412 5647 6393
 2413 971 6097
 2414 4170 8057
 2415 5172 2611
 2416 43 3831
 2417 6399 2718
 2418 9779 7611
 2419 4049 8195
 2420 4665 309
 2421 2876 797
 2422 3497 1088
 2423 345 5221
 2424 7022 8806
 2425 6637 1258
 2426 6826 9152
 2427 7584 7217
 2428 7118 233
 2429 4699 728
 2430 684 810
 2431 1306 997
 2432 452 1654
 2433 1300 9
 2434 3804 5175
 2435 6230 4268
 2436 4470 1559
 2437 3546 7860
 2438 7825 6436
 2439 9137 3113
 2440 7444 747
 2441 6634 326
 2442 1009 3109
 2443 8914 638
 2444 9042 4832
 2445 2867 4464
 2446 4801 3085
 2447 9746 7169
 2448 6549 664
 2449 2174 1317
 2450 3552 9062
 2451 9319 8131
 2452 8714 7378
 2453 9305 6025
 2454 9047 3657
 2455 5042 4350
 2456 4096 3076
 2457 1324 6624
 2458 9396 1884
 2459 8372 5040
 2460 1857 4062
 2461 5755 3924
 2462 4322 9732
 2463 3818 8907
 2464 2587 3631
 2465 6463 9169
 2466 4272 1497
 2467 581 5457
 2468 7143 4132
 2469 3417 1405
 2470 4673 7985
 2471 3487 7444
 2472 8987 4571
 2473 5303 4262
 2474 4147 7128
 2475 1760 6458
 2476 3222 9981
 2477 3217 2579
 2478 503 5571
 2479 9006 340
 2480 3651 9213
 2481 8961 3780
 2482 203 4199
 2483 955 6633
 2484 6563 6700
 2485 3733 1103
 2486 2699 5245
 2487 9123 9851
 2488 4617 4237
 2489 7052 770
 2490 8231 5199
 2491 6406 3034
 2492 2192 8877
 2493 7237 6305
 2494 7057 6286
 2495 6575 8860
 2496 939 479
 2497 1198 7787
 2498 8706 4229
 2499 7314 6702
 2500 875 2097
DEMAND_SECTION
 1 0
 2 1
 3 17
 4 15
 5 13
 6 23
 7 12
 8 9
 9 16
 10 10
 11 17
 12 16
 13 6
 14 3
 15 2
 16 7
 17 15
 18 10
 19 24
 20 24
 21 9
 22 25
 23 16
 24 9
 25 22
 26 12
 27 18
 28 23
 29 6
 30 18
 31 25
 32 17
 33 2
 34 11
 35 23
 36 9
 37 7
 38 20
 39 25
 40 24
 41 20
 42 22
 43 25
 44 7
 45 12
 46 14
 47 18
 48 8
 49 20
 50 10
 51 24
 52 7
 53 5
 54 7
 55 7
 56 13
 57 16
 58 23
 59 6
 60 1
 61 11
 62 23
 63 19
 64 23
 65 22
 66 20
 67 16
 68 3
 69 17
 70 24
 71 1
 72 2
 73 19
 74 11
 75 14
 76 22
 77 7
 78 25
 79 3
 80 23
 81 4
 82 15
 83 14
 84 7
 85 20
 86 5
 87 2
 88 7
 89 6
 90 11
 91 6
 92 3
 93 22
 94 6
 95 23
 96 22
 97 14
 98 10
 99 10
 100 7
 101 6
 102 10
 103 17
 104 5
 105 7
 106 6
 107 5
 108 7
 109 4
 110 21
 111 16
 112 2
 113 5
 114 11
 115 18
 116 24
 117 22
 118 10
 119 19
 120 11
 121 3
 122 4
 123 3
 124 9
 125 18
 126 4
 127 15
 128 20
 129 8
 130 18
 131 3
 132 6
 133 1
 134 7
 135 3
 136 15
 137 12
 138 19
 139 6
 140 16
 141 2
 142 25
 143 8
 144 12
 145 1
 146 4
 147 15
 148 21
 149 4
 150 18
 151 3
 152 18
 153 6
 154 1
 155 11
 156 3
 157 14
 158 25
 159 12
 160 5
 161 5
 162 17
 163 23
 164 11
 165 17
 166 14
 167 9
 168 9
 169 20
 170 1
 171 2
 172 21
 173 8
 174 19
 175 14
 176 8
 177 15
 178 6
 179 8
 180 10
 181 1
 182 25
 183 10
 184 14
 185 24
 186 5
 187 15
 188 7
 189 5
 190 10
 191 19
 192 4
 193 4
 194 8
 195 10
 196 13
 197 9
 198 14
 199 18
 200 20
 201 25
 202 20
 203 13
 204 15
 205 24
 206 8
 207 3
 208 20
 209 4
 210 3
 211 18
 212 25
 213 23
 214 23
 215 15
 216 5
 217 23
 218 10
 219 14
 220 12
 221 17
 222 20
 223 24
 224 5
 225 11
 226 24
 227 18
 228 1
 229 4
 230 20
 231 20
 232 10
 233 10
 234 15
 235 21
 236 7
 237 9
 238 22
 239 10
 240 5
 241 21
 242 24
 243 23
 244 3
 245 10
 246 7
 247 5
 248 17
 249 13
 250 5
 251 5
 252 24
 253 22
 254 1
 255 4
 256 14
 257 1
 258 24
 259 8
 260 21
 261 4
 262 6
 263 16
 264 8
 265 16
 266 17
 267 16
 268 6
 269 15
 270 4
 271 19
 272 2
 273 15
 274 24
 275 10
 276 23
 277 23
 278 3
 279 22
 280 12
 281 7
 282 22
 283 10
 284 20
 285 23
 286 7
 287 1
 288 7
 289 18
 290 1
 291 13
 292 25
 293 2
 294 9
 295 13
 296 19
 297 14
 298 25
 299 12
 300 21
 301 18
 302 25
 303 16
 304 22
 305 8
 306 14
 307 17
 308 17
 309 3
 310 23
 311 9
 312 5
 313 25
 314 17
 315 20
 316 4
 317 12
 318 14
 319 21
 320 7
 321 8
 322 25
 323 6
 324 17
 325 10
 326 21
 327 24
 328 7
 329 4
 330 4
 331 8
 332 4
 333 25
 334 6
 335 2
 336 4
 337 12
 338 24
 339 6
 340 20
 341 21
 342 17
 343 2
 344 9
 345 8
 346 4
 347 16
 348 22
 349 3
 350 8
 351 1
 352 20
 353 5
 354 24
 355 19
 356 17
 357 10
 358 5
 359 22
 360 17
 361 4
 362 18
 363 22
 364 4
 365 24
 366 11
 367 8
 368 8
 369 8
 370 25
 371 1
 372 2
 373 16
 374 11
 375 21
 376 18
 377 21
 378 10
 379 15
 380 10
 381 11
 382 24
 383 2
 384 24
 385 20
 386 19
 387 24
 388 20
 389 23
 390 13
 391 14
 392 17
 393 16
 394 17
 395 5
 396 2
 397 2
 398 5
 399 23
 400 24
 401 9
 402 7
 403 24
 404 23
 405 17
 406 3
 407 10
 408 3
 409 25
 410 25
 411 18
 412 11
 413 11
 414 15
 415 17
 416 9
 417 20
 418 21
 419 22
 420 15
 421 7
 422 10
 423 1
 424 5
 425 11
 426 12
 427 19
 428 19
 429 6
 430 9
 431 15
 432 10
 433 13
 434 1
 435 5
 436 24
 437 1
 438 3
 439 5
 440 23
 441 12
 442 14
 443 5
 444 4
 445 20
 446 23
 447 24
 448 16
 449 3
 450 25
 451 12
 452 10
 453 1
 454 15
 455 8
 456 6
 457 23
 458 2
 459 25
 460 7
 461 25
 462 21
 463 1
 464 19
 465 4
 466 16
 467 23
 468 22
 469 18
 470 24
 471 3
 472 9
 473 17
 474 16
 475 18
 476 7
 477 8
 478 1
 479 18
 480 21
 481 5
 482 7
 483 6
 484 9
 485 2
 486 2
 487 21
 488 10
 489 2
 490 7
 491 1
 492 14
 493 15
 494 16
 495 21
 496 1
 497 15
 498 10
 499 21
 500 22
 501 23
 502 22
 503 22
 504 16
 505 18
 506 11
 507 11
 508 22
 509 7
 510 1
 511 11
 512 7
 513 16
 514 20
 515 22
 516 4
 517 6
 518 10
 519 25
 520 17
 521 19
 522 13
 523 13
 524 10
 525 6
 526 21
 527 21
 528 9
 529 19
 530 2
 531 14
 532 3
 533 24
 534 12
 535 9
 536 18
 537 19
 538 9
 539 8
 540 10
 541 18
 542 20
 543 14
 544 16
 545 18
 546 13
 547 5
 548 3
 549 9
 550 21
 551 25
 552 19
 553 16
 554 4
 555 6
 556 22
 557 9
 558 25
 559 22
 560 15
 561 10
 562 24
 563 2
 564 18
 565 2
 566 14
 567 15
 568 8
 569 12
 570 11
 571 25
 572 13
 573 9
 574 9
 575 18
 576 5
 577 24
 578 14
 579 10
 580 11
 581 6
 582 7
 583 6
 584 21
 585 3
 586 14
 587 19
 588 22
 589 12
 590 7
 591 10
 592 3
 593 2
 594 18
 595 20
 596 9
 597 21
 598 7
 599 23
 600 10
 601 15
 602 16
 603 2
 604 18
 605 6
 606 20
 607 14
 608 8
 609 23
 610 22
 611 8
 612 23
 613 1
 614 5
 615 12
 616 11
 617 6
 618 23
 619 14
 620 15
 621 2
 622 20
 623 19
 624 25
 625 4
 626 24
 627 25
 628 19
 629 11
 630 6
 631 7
 632 3
 633 2
 634 10
 635 12
 636 14
 637 5
 638 10
 639 24
 640 24
 641 15
 642 5
 643 8
 644 18
 645 9
 646 7
 647 13
 648 11
 649 12
 650 19
 651 16
 652 12
 653 2
 654 22
 655 5
 656 8
 657 19
 658 1
 659 19
 660 22
 661 5
 662 10
 663 13
 664 6
 665 7
 666 12
 667 15
 668 4
 669 21
 670 10
 671 15
 672 5
 673 7
 674 16
 675 24
 676 19
 677 14
 678 10
 679 18
 680 25
 681 23
 682 12
 683 17
 684 15
 685 6
 686 2
 687 2
 688 16
 689 19
 690 17
 691 11
 692 5
 693 13
 694 10
 695 17
 696 17
 697 25
 698 16
 699 16
 700 11
 701 21
 702 1
 703 14
 704 5
 705 6
 706 15
 707 18
 708 20
 709 16
 710 16
 711 12
 712 2
 713 21
 714 8
 715 24
 716 20
 717 15
 718 25
 719 22
 720 21
 721 4
 722 4
 723 11
 724 12
 725 23
 726 14
 727 9
 728 22
 729 13
 730 2
 731 25
 732 13
 733 16
 734 2
 735 2
 736 8
 737 5
 738 19
 739 13
 740 14
 741 19
 742 1
 743 6
 744 23
 745 23
 746 4
 747 17
 748 23
 749 13
 750 12
 751 13
 752 24
 753 22
 754 1
 755 17
 756 7
 757 15
 758 13
 759 18
 760 9
 761 6
 762 20
 763 19
 764 4
 765 12
 766 5
 767 24
 768 21
 769 5
 770 20
 771 10
 772 14
 773 14
 774 9
 775 7
 776 14
 777 18
 778 5
 779 7
 780 7
 781 4
 782 19
 783 17
 784 8
 785 22
 786 6
 787 21
 788 2
 789 18
 790 2
 791 3
 792 18
 793 4
 794 15
 795 15
 796 21
 797 14
 798 15
 799 12
 800 13
 801 23
 802 10
 803 9
 804 14
 805 13
 806 9
 807 10
 808 12
 809 13
 810 16
 811 18
 812 23
 813 17
 814 15
 815 23
 816 15
 817 23
 818 7
 819 14
 820 9
 821 3
 822 7
 823 5
 824 24
 825 19
 826 8
 827 23
 828 4
 829 21
 830 2
 831 2
 832 15
 833 22
 834 4
 835 12
 836 22
 837 2
 838 2
 839 6
 840 1
 841 24
 842 7
 843 1
 844 7
 845 7
 846 19
 847 12
 848 23
 849 6
 850 14
 851 5
 852 7
 853 3
 854 9
 855 6
 856 17
 857 4
 858 1
 859 22
 860 20
 861 6
 862 16
 863 18
 864 8
 865 6
 866 16
 867 3
 868 7
 869 13
 870 25
 871 16
 872 24
 873 25
 874 5
 875 17
 876 12
 877 17
 878 20
 879 7
 880 23
 881 18
 882 1
 883 15
 884 9
 885 5
 886 4
 887 13
 888 14
 889 7
 890 22
 891 6
 892 3
 893 4
 894 2
 895 17
 896 8
 897 23
 898 17
 899 11
 900 23
 901 23
 902 7
 903 23
 904 16
 905 4
 906 17
 907 10
 908 15
 909 18
 910 5
 911 5
 912 21
 913 13
 914 11
 915 2
 916 22
 917 20
 918 18
 919 4
 920 13
 921 19
 922 16
 923 13
 924 15
 925 13
 926 6
 927 21
 928 17
 929 2
 930 3
 931 23
 932 22
 933 10
 934 17
 935 15
 936 9
 937 9
 938 6
 939 14
 940 12
 941 19
 942 12
 943 9
 944 12
 945 10
 946 15
 947 16
 948 20
 949 4
 950 12
 951 10
 952 7
 953 5
 954 3
 955 14
 956 10
 957 3
 958 13
 959 18
 960 19
 961 15
 962 20
 963 18
 964 23
 965 7
 966 19
 967 6
 968 6
 969 7
 970 2
 971 20
 972 12
 973 24
 974 1
 975 19
 976 9
 977 12
 978 14
 979 25
 980 2
 981 8
 982 11
 983 15
 984 10
 985 25
 986 19
 987 10
 988 9
 989 9
 990 20
 991 9
 992 17
 993 18
 994 10
 995 21
 996 6
 997 15
 998 20
 999 3
 1000 5
 1001 24
 1002 23
 1003 24
 1004 21
 1005 22
 1006 18
 1007 10
 1008 10
 1009 14
 1010 2
 1011 12
 1012 17
 1013 14
 1014 8
 1015 11
 1016 16
 1017 14
 1018 22
 1019 4
 1020 10
 1021 14
 1022 6
 1023 22
 1024 11
 1025 2
 1026 25
 1027 11
 1028 14
 1029 22
 1030 14
 1031 1
 1032 16
 1033 15
 1034 12
 1035 12
 1036 17
 1037 7
 1038 12
 1039 15
 1040 10
 1041 16
 1042 24
 1043 9
 1044 2
 1045 1
 1046 13
 1047 11
 1048 25
 1049 11
 1050 6
 1051 3
 1052 14
 1053 10
 1054 5
 1055 9
 1056 2
 1057 20
 1058 15
 1059 6
 1060 16
 1061 20
 1062 7
 1063 15
 1064 5
 1065 2
 1066 14
 1067 17
 1068 4
 1069 7
 1070 6
 1071 22
 1072 19
 1073 18
 1074 22
 1075 4
 1076 21
 1077 12
 1078 9
 1079 14
 1080 6
 1081 6
 1082 22
 1083 23
 1084 10
 1085 8
 1086 23
 1087 17
 1088 13
 1089 20
 1090 20
 1091 9
 1092 25
 1093 18
 1094 6
 1095 3
 1096 2
 1097 16
 1098 4
 1099 12
 1100 20
 1101 12
 1102 13
 1103 13
 1104 7
 1105 17
 1106 14
 1107 13
 1108 19
 1109 11
 1110 19
 1111 2
 1112 25
 1113 11
 1114 1
 1115 14
 1116 25
 1117 1
 1118 25
 1119 3
 1120 25
 1121 22
 1122 2
 1123 12
 1124 1
 1125 18
 1126 3
 1127 22
 1128 11
 1129 2
 1130 24
 1131 22
 1132 5
 1133 21
 1134 19
 1135 25
 1136 3
 1137 4
 1138 14
 1139 23
 1140 22
 1141 4
 1142 17
 1143 18
 1144 17
 1145 11
 1146 17
 1147 14
 1148 10
 1149 8
 1150 10
 1151 1
 1152 16
 1153 2
 1154 11
 1155 19
 1156 22
 1157 7
 1158 19
 1159 21
 1160 20
 1161 17
 1162 18
 1163 5
 1164 22
 1165 8
 1166 9
 1167 5
 1168 12
 1169 6
 1170 9
 1171 8
 1172 21
 1173 3
 1174 20
 1175 8
 1176 20
 1177 9
 1178 24
 1179 6
 1180 16
 1181 22
 1182 22
 1183 21
 1184 23
 1185 12
 1186 25
 1187 18
 1188 15
 1189 10
 1190 20
 1191 3
 1192 16
 1193 15
 1194 12
 1195 16
 1196 8
 1197 23
 1198 20
 1199 16
 1200 16
 1201 10
 1202 7
 1203 12
 1204 17
 1205 10
 1206 24
 1207 25
 1208 10
 1209 25
 1210 24
 1211 8
 1212 5
 1213 24
 1214 8
 1215 14
 1216 19
 1217 21
 1218 20
 1219 9
 1220 4
 1221 4
 1222 15
 1223 19
 1224 20
 1225 21
 1226 5
 1227 19
 1228 7
 1229 9
 1230 24
 1231 16
 1232 4
 1233 3
 1234 7
 1235 18
 1236 16
 1237 13
 1238 7
 1239 24
 1240 19
 1241 10
 1242 25
 1243 5
 1244 6
 1245 21
 1246 18
 1247 20
 1248 10
 1249 11
 1250 20
 1251 2
 1252 5
 1253 24
 1254 1
 1255 12
 1256 25
 1257 9
 1258 11
 1259 16
 1260 24
 1261 7
 1262 9
 1263 21
 1264 19
 1265 13
 1266 2
 1267 4
 1268 9
 1269 2
 1270 7
 1271 22
 1272 13
 1273 7
 1274 14
 1275 21
 1276 13
 1277 22
 1278 18
 1279 3
 1280 5
 1281 8
 1282 13
 1283 11
 1284 7
 1285 10
 1286 2
 1287 14
 1288 2
 1289 18
 1290 25
 1291 1
 1292 19
 1293 12
 1294 15
 1295 7
 1296 19
 1297 9
 1298 11
 1299 22
 1300 23
 1301 25
 1302 24
 1303 11
 1304 1
 1305 2
 1306 13
 1307 12
 1308 3
 1309 20
 1310 3
 1311 19
 1312 15
 1313 5
 1314 10
 1315 21
 1316 9
 1317 5
 1318 9
 1319 15
 1320 24
 1321 16
 1322 13
 1323 2
 1324 10
 1325 1
 1326 9
 1327 23
 1328 22
 1329 7
 1330 7
 1331 19
 1332 7
 1333 14
 1334 10
 1335 22
 1336 18
 1337 8
 1338 15
 1339 24
 1340 5
 1341 13
 1342 10
 1343 21
 1344 22
 1345 21
 1346 17
 1347 2
 1348 2
 1349 2
 1350 3
 1351 22
 1352 20
 1353 5
 1354 11
 1355 15
 1356 16
 1357 5
 1358 20
 1359 22
 1360 18
 1361 13
 1362 8
 1363 3
 1364 8
 1365 14
 1366 4
 1367 20
 1368 15
 1369 1
 1370 10
 1371 4
 1372 4
 1373 23
 1374 19
 1375 16
 1376 22
 1377 11
 1378 19
 1379 15
 1380 8
 1381 14
 1382 23
 1383 23
 1384 1
 1385 1
 1386 12
 1387 17
 1388 16
 1389 5
 1390 10
 1391 21
 1392 6
 1393 24
 1394 16
 1395 8
 1396 20
 1397 9
 1398 20
 1399 14
 1400 16
 1401 24
 1402 12
 1403 25
 1404 12
 1405 17
 1406 6
 1407 10
 1408 8
 1409 10
 1410 12
 1411 10
 1412 22
 1413 7
 1414 9
 1415 21
 1416 6
 1417 5
 1418 23
 1419 2
 1420 22
 1421 5
 1422 5
 1423 18
 1424 14
 1425 22
 1426 21
 1427 9
 1428 17
 1429 8
 1430 25
 1431 15
 1432 13
 1433 7
 1434 14
 1435 3
 1436 4
 1437 14
 1438 20
 1439 23
 1440 4
 1441 11
 1442 1
 1443 6
 1444 11
 1445 24
 1446 7
 1447 20
 1448 15
 1449 25
 1450 15
 1451 8
 1452 6
 1453 14
 1454 21
 1455 2
 1456 14
 1457 16
 1458 4
 1459 1
 1460 1
 1461 6
 1462 12
 1463 1
 1464 9
 1465 10
 1466 2
 1467 1
 1468 8
 1469 12
 1470 19
 1471 3
 1472 11
 1473 2
 1474 7
 1475 25
 1476 5
 1477 14
 1478 18
 1479 18
 1480 11
 1481 16
 1482 18
 1483 12
 1484 12
 1485 24
 1486 25
 1487 15
 1488 18
 1489 11
 1490 12
 1491 15
 1492 17
 1493 3
 1494 10
 1495 9
 1496 19
 1497 17
 1498 24
 1499 20
 1500 3
 1501 9
 1502 12
 1503 8
 1504 10
 1505 14
 1506 5
 1507 13
 1508 22
 1509 23
 1510 3
 1511 12
 1512 21
 1513 5
 1514 4
 1515 17
 1516 24
 1517 16
 1518 15
 1519 21
 1520 13
 1521 15
 1522 18
 1523 22
 1524 9
 1525 17
 1526 16
 1527 10
 1528 10
 1529 19
 1530 11
 1531 9
 1532 16
 1533 12
 1534 4
 1535 19
 1536 2
 1537 4
 1538 20
 1539 11
 1540 23
 1541 6
 1542 2
 1543 11
 1544 6
 1545 9
 1546 24
 1547 10
 1548 3
 1549 21
 1550 12
 1551 8
 1552 12
 1553 10
 1554 19
 1555 6
 1556 22
 1557 11
 1558 2
 1559 2
 1560 3
 1561 5
 1562 6
 1563 21
 1564 18
 1565 21
 1566 10
 1567 14
 1568 2
 1569 4
 1570 9
 1571 18
 1572 21
 1573 22
 1574 2
 1575 6
 1576 14
 1577 1
 1578 19
 1579 19
 1580 16
 1581 15
 1582 10
 1583 7
 1584 5
 1585 16
 1586 15
 1587 8
 1588 18
 1589 15
 1590 21
 1591 9
 1592 24
 1593 14
 1594 10
 1595 16
 1596 23
 1597 1
 1598 3
 1599 21
 1600 11
 1601 13
 1602 11
 1603 20
 1604 18
 1605 5
 1606 7
 1607 10
 1608 11
 1609 15
 1610 11
 1611 14
 1612 14
 1613 17
 1614 1
 1615 16
 1616 21
 1617 25
 1618 18
 1619 21
 1620 11
 1621 22
 1622 7
 1623 20
 1624 25
 1625 23
 1626 10
 1627 14
 1628 24
 1629 21
 1630 14
 1631 7
 1632 13
 1633 19
 1634 4
 1635 10
 1636 1
 1637 16
 1638 20
 1639 14
 1640 7
 1641 11
 1642 11
 1643 15
 1644 22
 1645 23
 1646 17
 1647 1
 1648 10
 1649 12
 1650 21
 1651 21
 1652 3
 1653 23
 1654 18
 1655 14
 1656 21
 1657 11
 1658 17
 1659 24
 1660 23
 1661 19
 1662 24
 1663 14
 1664 22
 1665 17
 1666 6
 1667 17
 1668 16
 1669 3
 1670 7
 1671 21
 1672 21
 1673 9
 1674 4
 1675 8
 1676 3
 1677 17
 1678 2
 1679 22
 1680 18
 1681 15
 1682 6
 1683 22
 1684 9
 1685 23
 1686 10
 1687 19
 1688 8
 1689 18
 1690 18
 1691 13
 1692 8
 1693 10
 1694 11
 1695 15
 1696 14
 1697 8
 1698 5
 1699 12
 1700 22
 1701 3
 1702 18
 1703 17
 1704 19
 1705 22
 1706 4
 1707 16
 1708 23
 1709 5
 1710 4
 1711 25
 1712 16
 1713 17
 1714 1
 1715 2
 1716 4
 1717 24
 1718 24
 1719 16
 1720 13
 1721 12
 1722 22
 1723 15
 1724 11
 1725 18
 1726 11
 1727 18
 1728 7
 1729 12
 1730 19
 1731 6
 1732 23
 1733 25
 1734 2
 1735 12
 1736 18
 1737 15
 1738 23
 1739 2
 1740 10
 1741 16
 1742 2
 1743 25
 1744 18
 1745 15
 1746 2
 1747 10
 1748 13
 1749 18
 1750 5
 1751 2
 1752 18
 1753 14
 1754 12
 1755 19
 1756 4
 1757 18
 1758 18
 1759 21
 1760 2
 1761 12
 1762 5
 1763 6
 1764 13
 1765 9
 1766 11
 1767 22
 1768 13
 1769 2
 1770 4
 1771 8
 1772 8
 1773 3
 1774 1
 1775 23
 1776 3
 1777 22
 1778 4
 1779 13
 1780 20
 1781 15
 1782 5
 1783 9
 1784 3
 1785 25
 1786 17
 1787 19
 1788 11
 1789 23
 1790 16
 1791 14
 1792 10
 1793 9
 1794 16
 1795 24
 1796 1
 1797 7
 1798 19
 1799 25
 1800 4
 1801 21
 1802 15
 1803 9
 1804 2
 1805 2
 1806 20
 1807 25
 1808 21
 1809 3
 1810 21
 1811 5
 1812 23
 1813 6
 1814 8
 1815 1
 1816 9
 1817 21
 1818 4
 1819 11
 1820 22
 1821 4
 1822 9
 1823 22
 1824 2
 1825 17
 1826 19
 1827 17
 1828 10
 1829 8
 1830 23
 1831 2
 1832 17
 1833 1
 1834 2
 1835 22
 1836 11
 1837 13
 1838 8
 1839 11
 1840 7
 1841 19
 1842 5
 1843 15
 1844 6
 1845 16
 1846 3
 1847 19
 1848 6
 1849 17
 1850 8
 1851 20
 1852 3
 1853 25
 1854 8
 1855 13
 1856 19
 1857 22
 1858 10
 1859 15
 1860 22
 1861 4
 1862 5
 1863 16
 1864 7
 1865 12
 1866 17
 1867 22
 1868 16
 1869 2
 1870 23
 1871 5
 1872 19
 1873 3
 1874 7
 1875 10
 1876 14
 1877 13
 1878 14
 1879 4
 1880 2
 1881 25
 1882 1
 1883 6
 1884 24
 1885 1
 1886 2
 1887 16
 1888 9
 1889 25
 1890 21
 1891 8
 1892 20
 1893 23
 1894 12
 1895 9
 1896 4
 1897 20
 1898 12
 1899 18
 1900 18
 1901 13
 1902 4
 1903 23
 1904 15
 1905 21
 1906 11
 1907 6
 1908 1
 1909 19
 1910 23
 1911 5
 1912 23
 1913 21
 1914 18
 1915 12
 1916 11
 1917 9
 1918 25
 1919 2
 1920 17
 1921 13
 1922 25
 1923 12
 1924 13
 1925 20
 1926 2
 1927 25
 1928 19
 1929 5
 1930 7
 1931 23
 1932 13
 1933 19
 1934 20
 1935 2
 1936 20
 1937 18
 1938 20
 1939 13
 1940 7
 1941 7
 1942 20
 1943 14
 1944 18
 1945 24
 1946 2
 1947 14
 1948 19
 1949 7
 1950 20
 1951 2
 1952 15
 1953 7
 1954 6
 1955 13
 1956 17
 1957 8
 1958 3
 1959 14
 1960 7
 1961 5
 1962 5
 1963 11
 1964 22
 1965 10
 1966 10
 1967 10
 1968 25
 1969 1
 1970 5
 1971 2
 1972 2
 1973 22
 1974 9
 1975 12
 1976 14
 1977 8
 1978 7
 1979 25
 1980 12
 1981 13
 1982 8
 1983 10
 1984 21
 1985 4
 1986 12
 1987 23
 1988 23
 1989 8
 1990 20
 1991 24
 1992 15
 1993 1
 1994 20
 1995 7
 1996 11
 1997 16
 1998 3
 1999 25
 2000 24
 2001 18
 2002 5
 2003 21
 2004 2
 2005 14
 2006 2
 2007 22
 2008 5
 2009 10
 2010 18
 2011 2
 2012 19
 2013 4
 2014 7
 2015 22
 2016 16
 2017 3
 2018 19
 2019 1
 2020 12
 2021 21
 2022 22
 2023 19
 2024 13
 2025 2
 2026 10
 2027 15
 2028 17
 2029 18
 2030 6
 2031 14
 2032 25
 2033 10
 2034 21
 2035 13
 2036 19
 2037 20
 2038 18
 2039 20
 2040 21
 2041 7
 2042 19
 2043 16
 2044 23
 2045 8
 2046 16
 2047 25
 2048 7
 2049 19
 2050 13
 2051 1
 2052 16
 2053 7
 2054 12
 2055 25
 2056 22
 2057 5
 2058 17
 2059 17
 2060 2
 2061 12
 2062 11
 2063 23
 2064 3
 2065 2
 2066 5
 2067 7
 2068 17
 2069 17
 2070 3
 2071 3
 2072 22
 2073 18
 2074 21
 2075 7
 2076 13
 2077 5
 2078 7
 2079 19
 2080 12
 2081 18
 2082 21
 2083 16
 2084 21
 2085 5
 2086 14
 2087 4
 2088 16
 2089 18
 2090 25
 2091 24
 2092 7
 2093 16
 2094 15
 2095 21
 2096 17
 2097 6
 2098 5
 2099 18
 2100 23
 2101 9
 2102 9
 2103 23
 2104 20
 2105 24
 2106 13
 2107 6
 2108 25
 2109 22
 2110 12
 2111 20
 2112 19
 2113 21
 2114 16
 2115 23
 2116 19
 2117 10
 2118 18
 2119 10
 2120 8
 2121 12
 2122 24
 2123 8
 2124 3
 2125 1
 2126 1
 2127 14
 2128 14
 2129 13
 2130 12
 2131 12
 2132 25
 2133 12
 2134 16
 2135 17
 2136 15
 2137 21
 2138 1
 2139 14
 2140 5
 2141 15
 2142 25
 2143 19
 2144 6
 2145 7
 2146 1
 2147 11
 2148 8
 2149 22
 2150 10
 2151 17
 2152 7
 2153 25
 2154 13
 2155 9
 2156 19
 2157 21
 2158 1
 2159 21
 2160 8
 2161 19
 2162 17
 2163 8
 2164 10
 2165 9
 2166 23
 2167 4
 2168 16
 2169 2
 2170 1
 2171 23
 2172 11
 2173 18
 2174 5
 2175 25
 2176 8
 2177 6
 2178 18
 2179 21
 2180 6
 2181 10
 2182 22
 2183 17
 2184 25
 2185 6
 2186 19
 2187 9
 2188 23
 2189 4
 2190 16
 2191 6
 2192 6
 2193 18
 2194 23
 2195 7
 2196 5
 2197 23
 2198 16
 2199 7
 2200 24
 2201 18
 2202 9
 2203 21
 2204 17
 2205 10
 2206 12
 2207 16
 2208 25
 2209 18
 2210 5
 2211 5
 2212 15
 2213 7
 2214 23
 2215 13
 2216 8
 2217 6
 2218 1
 2219 12
 2220 21
 2221 2
 2222 5
 2223 12
 2224 7
 2225 1
 2226 3
 2227 7
 2228 5
 2229 18
 2230 16
 2231 24
 2232 11
 2233 20
 2234 19
 2235 20
 2236 4
 2237 12
 2238 24
 2239 16
 2240 1
 2241 4
 2242 19
 2243 6
 2244 5
 2245 17
 2246 24
 2247 16
 2248 8
 2249 20
 2250 12
 2251 6
 2252 18
 2253 1
 2254 25
 2255 16
 2256 3
 2257 25
 2258 22
 2259 10
 2260 19
 2261 18
 2262 17
 2263 14
 2264 18
 2265 13
 2266 3
 2267 18
 2268 21
 2269 9
 2270 21
 2271 23
 2272 1
 2273 3
 2274 6
 2275 17
 2276 3
 2277 21
 2278 24
 2279 17
 2280 13
 2281 4
 2282 5
 2283 25
 2284 20
 2285 8
 2286 25
 2287 18
 2288 20
 2289 23
 2290 20
 2291 17
 2292 5
 2293 5
 2294 24
 2295 21
 2296 12
 2297 8
 2298 22
 2299 17
 2300 16
 2301 5
 2302 25
 2303 24
 2304 3
 2305 15
 2306 24
 2307 15
 2308 20
 2309 21
 2310 17
 2311 2
 2312 22
 2313 23
 2314 2
 2315 6
 2316 22
 2317 9
 2318 17
 2319 14
 2320 14
 2321 5
 2322 5
 2323 23
 2324 16
 2325 19
 2326 3
 2327 7
 2328 5
 2329 22
 2330 7
 2331 8
 2332 22
 2333 1
 2334 15
 2335 17
 2336 20
 2337 25
 2338 24
 2339 14
 2340 15
 2341 17
 2342 1
 2343 19
 2344 2
 2345 6
 2346 18
 2347 15
 2348 8
 2349 21
 2350 4
 2351 20
 2352 5
 2353 18
 2354 9
 2355 20
 2356 13
 2357 17
 2358 18
 2359 16
 2360 24
 2361 21
 2362 18
 2363 12
 2364 16
 2365 23
 2366 1
 2367 13
 2368 5
 2369 18
 2370 16
 2371 13
 2372 12
 2373 11
 2374 4
 2375 13
 2376 19
 2377 1
 2378 8
 2379 21
 2380 16
 2381 9
 2382 7
 2383 18
 2384 6
 2385 8
 2386 24
 2387 23
 2388 10
 2389 9
 2390 22
 2391 13
 2392 22
 2393 6
 2394 4
 2395 15
 2396 4
 2397 23
 2398 6
 2399 19
 2400 13
 2401 11
 2402 25
 2403 4
 2404 12
 2405 17
 2406 18
 2407 25
 2408 14
 2409 13
 2410 9
 2411 14
 2412 9
 2413 4
 2414 2
 2415 10
 2416 2
 2417 2
 2418 16
 2419 17
 2420 1
 2421 4
 2422 20
 2423 4
 2424 1
 2425 24
 2426 12
 2427 1
 2428 12
 2429 5
 2430 4
 2431 4
 2432 16
 2433 4
 2434 3
 2435 9
 2436 12
 2437 3
 2438 4
 2439 22
 2440 20
 2441 1
 2442 17
 2443 18
 2444 20
 2445 1
 2446 8
 2447 7
 2448 1
 2449 1
 2450 4
 2451 18
 2452 24
 2453 21
 2454 1
 2455 4
 2456 5
 2457 10
 2458 9
 2459 9
 2460 13
 2461 17
 2462 9
 2463 21
 2464 17
 2465 8
 2466 8
 2467 20
 2468 18
 2469 15
 2470 11
 2471 11
 2472 2
 2473 3
 2474 16
 2475 14
 2476 16
 2477 14
 2478 18
 2479 5
 2480 21
 2481 8
 2482 12
 2483 22
 2484 22
 2485 18
 2486 23
 2487 4
 2488 20
 2489 2
 2490 25
 2491 11
 2492 21
 2493 13
 2494 13
 2495 22
 2496 10
 2497 8
 2498 5
 2499 8
 2500 23
DEPOT_SECTION
 1
 -1
EOF
