NAME : A-n2500-k1250
COMMENT : (Generated, No of trucks: 1250, Optimal value: Unknown)
TYPE : CVRP
DIMENSION : 2500
EDGE_WEIGHT_TYPE : EUC_2D
CAPACITY : 100
NODE_COORD_SECTION
 1 4005 1563
 2 1748 1782
 3 5891 1048
 4 3459 1136
 5 748 6534
 6 1452 5791
 7 4064 938
 8 3610 5659
 9 3053 5955
 10 7499 8787
 11 5668 8257
 12 2888 951
 13 6455 5022
 14 3359 6361
 15 7906 8534
 16 7270 9307
 17 6373 803
 18 3155 6726
 19 3454 2790
 20 6298 2914
 21 1327 2368
 22 1256 688
 23 9656 3947
 24 7841 3747
 25 8489 341
 26 9657 5090
 27 424 9231
 28 7967 7221
 29 5394 7266
 30 3144 2952
 31 155 4045
 32 9622 503
 33 9375 3908
 34 8641 3043
 35 9836 6982
 36 1468 6486
 37 304 6543
 38 4874 5768
 39 2917 4291
 40 5176 6660
 41 6108 386
 42 882 5020
 43 2474 600
 44 2623 3583
 45 3961 1697
 46 6268 2275
 47 3140 1323
 48 6657 6019
 49 9326 4809
 50 6736 6101
 51 954 4503
 52 1756 1307
 53 2918 1028
 54 8022 9808
 55 4130 458
 56 2852 7251
 57 9920 6519
 58 1636 4795
 59 9507 5513
 60 7072 1792
 61 7510 5679
 62 6033 4544
 63 2016 2891
 64 5154 3676
 65 9716 1532
 66 3303 4189
 67 6271 4434
 68 3180 3789
 69 4273 3331
 70 3967 3912
 71 9433 7234
 72 7156 3915
 73 3612 1654
 74 7465 8540
 75 9848 3770
 76 6404 549
 77 405 7916
 78 7657 7087
 79 6495 5369
 80 2145 7240
 81 207 1365
 82 672 4255
 83 5951 9740
 84 2233 2840
 85 6748 414
 86 3736 2853
 87 2821 553
 88 2378 788
 89 6385 513
 90 7534 5620
 91 9765 5678
 92 2536 7684
 93 6621 2233
 94 5207 9311
 95 1855 7642
 96 4521 7339
 97 3201 5191
 98 5918 9812
 99 7360 8609
 100 1941 4959
 101 7668 1258
 102 7290 1637
 103 3466 3205
 104 5335 8125
 105 3125 6773
 106 5353 5374
 107 75 6266
 108 484 4649
 109 4608 9081
 110 7838 8556
 111 5893 1729
 112 585 9956
 113 704 8513
 114 5633 2278
 115 2621 742
 116 1818 6797
 117 3337 7652
 118 5958 9578
 119 1935 8680
 120 4763 1620
 121 9475 2453
 122 4155 6031
 123 9783 899
 124 827 1683
 125 2690 8914
 126 7242 7267
 127 7810 9325
 128 2910 6659
 129 1483 7941
 130 4817 4436
 131 6419 1524
 132 6399 5695
 133 7854 5400
 134 3770 5771
 135 3044 189
 136 6822 7323
 137 3204 633
 138 7477 1280
 139 3632 1647
 140 1182 3647
 141 2211 7677
 142 1906 512
 143 3498 6179
 144 5054 9830
 145 217 654
 146 4647 10
 147 1943 2818
 148 7414 1324
 149 4054 4590
 150 4220 6991
 151 9531 6843
 152 1264 306
 153 2511 9708
 154 6658 7056
 155 6647 3988
 156 2489 8291
 157 2652 3476
 158 2809 33
 159 8074 3991
 160 2241 212
 161 2673 5291
 162 4905 4007
 163 9303 4504
 164 2034 9800
 165 5069 8084
 166 3298 1697
 167 4931 2353
 168 3992 1250
 169 6290 7842
 170 8332 266
 171 7587 6009
 172 4202 1450
 173 2549 3672
 174 4591 5478
 175 3951 3543
 176 5252 8997
 177 6648 1061
 178 1865 1480
 179 6330 910
 180 5785 9271
 181 4562 6159
 182 8233 6500
 183 8134 8924
 184 9321 8212
 185 836 7064
 186 9039 7226
 187 9817 7013
 188 3385 9786
 189 6909 6646
 190 8005 2158
 191 5891 4583
 192 5409 302
 193 4605 2825
 194 1215 8540
 195 562 6272
 196 9514 4821
 197 6471 649
 198 9835 7770
 199 6988 292
 200 3189 7158
 201 4241 9739
 202 7240 9055
 203 6695 5014
 204 8989 2318
 205 5501 236
 206 7258 3099
 207 3451 1563
 208 5166 5046
 209 4167 7032
 210 8436 3818
 211 8786 6842
 212 5194 1998
 213 8016 30
 214 2139 3534
 215 5517 208
 216 4892 8436
 217 3620 717
 218 2507 4278
 219 618 7678
 220 1848 7428
 221 8112 4630
 222 2208 1273
 223 301 5973
 224 6156 6729
 225 7680 8982
 226 6017 4257
 227 3980 5929
 228 4894 391
 229 9166 5780
 230 2586 3476
 231 311 9090
 232 3464 4628
 233 7605 9688
 234 5859 5070
 235 8301 4956
 236 679 1524
 237 4639 3296
 238 6181 9668
 239 3642 3887
 240 8630 598
 241 7216 7487
 242 2771 397
 243 1547 9010
 244 5869 9478
 245 2674 2705
 246 4623 8033
 247 1480 7507
 248 3400 2285
 249 2218 4862
 250 3008 1254
 251 2243 7850
 252 6745 1117
 253 240 755
 254 577 5604
 255 1635 5056
 256 4524 2795
 257 7466 6568
 258 5235 7612
 259 6922 9368
 260 8120 3936
 261 5982 7776
 262 2312 3441
 263 5477 662
 264 574 4397
 265 9805 759
 266 3829 2160
 267 7782 3119
 268 4558 2287
 269 5451 9276
 270 8584 5428
 271 8569 5754
 272 389 6818
 273 2102 144
 274 3317 5980
 275 7295 6667
 276 7129 5951
 277 58 560
 278 5046 6888
 279 2644 5708
 280 2058 8682
 281 8281 1676
 282 5027 3399
 283 8576 2817
 284 557 7195
 285 3831 3293
 286 9355 157
 287 442 8404
 288 4769 5426
 289 374 1164
 290 3737 3285
 291 4518 1803
 292 1782 2622
 293 5274 7527
 294 3621 1499
 295 1752 1250
 296 6044 8267
 297 1481 1082
 298 5589 5404
 299 2839 6895
 300 1427 5798
 301 3150 2212
 302 6813 4793
 303 8382 6336
 304 5984 6994
 305 2257 9669
 306 1714 8211
 307 400 9102
 308 9137 8057
 309 4053 1836
 310 7728 4392
 311 4809 8498
 312 7 4340
 313 986 3085
 314 650 806
 315 8348 1762
 316 2633 2510
 317 7440 1030
 318 3699 5426
 319 3557 2924
 320 4392 4590
 321 5611 4209
 322 6567 6162
 323 9643 7791
 324 39 8741
 325 4005 6733
 326 1420 4533
 327 3801 4815
 328 9028 1608
 329 1666 5624
 330 8497 3457
 331 5740 820
 332 8048 3492
 333 5982 9449
 334 4988 4328
 335 7105 3732
 336 8222 3153
 337 3246 1546
 338 2364 4288
 339 2522 6240
 340 1660 8871
 341 2479 8542
 342 9578 5233
 343 9421 8372
 344 317 7737
 345 3066 4920
 346 2528 2465
 347 9394 2538
 348 263 6920
 349 601 6530
 350 2139 4017
 351 707 8558
 352 2767 1373
 353 7505 5100
 354 4755 4906
 355 416 8774
 356 1594 9721
 357 198 8289
 358 2196 5693
 359 9505 3751
 360 7802 9089
 361 6401 6780
 362 622 983
 363 6097 9532
 364 4314 342
 365 4158 9282
 366 9222 6823
 367 2507 9332
 368 109 2741
 369 4661 3193
 370 9722 5749
 371 4437 3996
 372 7739 7893
 373 5740 4868
 374 7204 4344
 375 6350 8788
 376 7304 6997
 377 2859 1377
 378 7489 6968
 379 2345 1409
 380 5556 7976
 381 6094 1752
 382 9217 518
 383 8366 3915
 384 1172 3723
 385 6325 3980
 386 2134 8225
 387 4923 8799
 388 7788 6514
 389 146 6730
 390 2613 3843
 391 7817 7019
 392 5543 8362
 393 409 3339
 394 4671 5230
 395 1921 3894
 396 3669 6593
 397 2830 3533
 398 7175 7288
 399 7609 7235
 400 997 257
 401 795 7646
 402 8343 2207
 403 5476 2587
 404 7965 4610
 405 9256 2264
 406 4780 9377
 407 7989 2571
 408 4569 6736
 409 2176 8981
 410 6762 3406
 411 2036 1650
 412 1319 2565
 413 4319 1138
 414 5309 5248
 415 5800 2922
 416 4712 6873
 417 5566 8883
 418 5181 4705
 419 4377 7984
 420 2901 3700
 421 2790 8692
 422 2519 3682
 423 2868 139
 424 1928 2338
 425 5056 2475
 426 8184 8139
 427 1648 7495
 428 6447 9174
 429 4234 4742
 430 5489 7676
 431 9824 4394
 432 5191 6584
 433 2588 3824
 434 3588 8481
 435 8055 6461
 436 6512 7797
 437 10 238
 438 2964 7815
 439 1020 2835
 440 5407 6517
 441 6574 7993
 442 2793 6513
 443 9146 2923
 444 7937 878
 445 5897 4494
 446 4979 4094
 447 2793 5397
 448 7544 4079
 449 5848 6980
 450 5275 6050
 451 4536 361
 452 1540 5561
 453 5648 6228
 454 8897 1985
 455 1079 862
 456 8818 3871
 457 9192 3119
 458 4212 2188
 459 2916 740
 460 1420 1086
 461 5417 4701
 462 4909 4737
 463 3321 2828
 464 1253 1503
 465 3643 2278
 466 9100 7104
 467 1018 3780
 468 167 5395
 469 8390 3205
 470 5784 2012
 471 2577 5078
 472 6787 7695
 473 7803 9509
 474 1836 2949
 475 6393 3312
 476 4020 5637
 477 6718 4815
 478 8475 4978
 479 1125 4999
 480 7987 6061
 481 3596 6589
 482 9742 1941
 483 9582 4568
 484 953 2288
 485 4844 8004
 486 4962 9318
 487 7277 1505
 488 3992 8009
 489 181 7671
 490 8315 1586
 491 7728 5549
 492 4784 6284
 493 6447 8233
 494 8111 319
 495 6528 697
 496 2941 655
 497 3017 6046
 498 150 8076
 499 8022 8975
 500 8546 9540
 501 8455 5320
 502 47 20
 503 1607 3830
 504 3328 2184
 505 9694 5133
 506 9848 5673
 507 2462 8967
 508 7764 1515
 509 9442 5787
 510 4538 9816
 511 8456 184
 512 374 1853
 513 9002 4161
 514 6350 7637
 515 5598 2426
 516 6208 6508
 517 1363 853
 518 8142 5462
 519 3700 9133
 520 8648 5289
 521 4511 9718
 522 4985 7823
 523 511 9228
 524 829 4572
 525 4367 6761
 526 1440 2442
 527 8191 5955
 528 2097 31
 529 1441 586
 530 4404 1462
 531 9815 7286
 532 981 4586
 533 9402 1871
 534 8389 9200
 535 1836 2432
 536 9651 9014
 537 7187 3682
 538 820 3980
 539 8810 1278
 540 2576 8643
 541 3329 3004
 542 7425 1133
 543 2606 3600
 544 3450 6152
 545 5706 3800
 546 974 4570
 547 8165 6964
 548 4698 5451
 549 2563 8165
 550 8705 5793
 551 1210 8586
 552 4308 8793
 553 7679 4485
 554 8263 6740
 555 5113 4458
 556 1969 4560
 557 9969 1173
 558 1236 3860
 559 4391 4107
 560 2007 297
 561 7898 5773
 562 4358 4692
 563 3838 667
 564 654 4862
 565 8200 3981
 566 7154 6477
 567 7142 3998
 568 5521 7651
 569 465 3095
 570 7884 7343
 571 9091 7402
 572 6229 4280
 573 6418 9646
 574 3818 349
 575 5881 7068
 576 8297 5616
 577 3939 9095
 578 8597 3439
 579 3233 4270
 580 9812 6346
 581 776 5702
 582 5479 2718
 583 7117 1378
 584 971 3275
 585 7802 5923
 586 6903 7109
 587 8295 9213
 588 9866 3393
 589 7108 3368
 590 699 8355
 591 6029 8337
 592 1222 4510
 593 7438 5788
 594 388 3630
 595 9186 4412
 596 1924 2211
 597 9217 1203
 598 4692 6554
 599 9232 8373
 600 7588 3905
 601 2162 3005
 602 7152 2362
 603 9289 5543
 604 1227 8368
 605 72 3999
 606 4272 1829
 607 1210 8068
 608 9857 7820
 609 243 3624
 610 6038 8296
 611 1904 6254
 612 5772 6831
 613 4669 5411
 614 5321 9883
 615 8799 742
 616 1959 6164
 617 5410 253
 618 4200 1910
 619 7637 6563
 620 4179 2440
 621 54 9280
 622 5026 4743
 623 6770 491
 624 5488 999
 625 8073 6239
 626 7849 2720
 627 6965 7642
 628 1687 152
 629 5424 804
 630 3886 8518
 631 3040 8102
 632 414 2474
 633 1699 9499
 634 7171 7050
 635 7216 3102
 636 7000 8928
 637 6454 797
 638 7461 9906
 639 4788 9859
 640 5229 202
 641 8949 934
 642 5670 5004
 643 3895 6638
 644 5121 2062
 645 8963 4461
 646 2365 4265
 647 5353 9916
 648 6275 2392
 649 9344 165
 650 1959 2852
 651 3472 8769
 652 2682 6261
 653 3081 3651
 654 8695 6055
 655 2714 5114
 656 7187 3787
 657 7338 6064
 658 1079 4096
 659 2145 4661
 660 925 8174
 661 5767 6830
 662 7081 4674
 663 107 825
 664 4466 6271
 665 1225 2558
 666 8406 5860
 667 7747 455
 668 8166 9487
 669 1062 4318
 670 7905 1006
 671 2578 9944
 672 3191 6134
 673 2928 2652
 674 1976 2395
 675 8670 7497
 676 2238 5336
 677 5152 7514
 678 6617 5187
 679 4931 2466
 680 8623 8901
 681 6140 6940
 682 1281 7348
 683 9330 6193
 684 757 4818
 685 6630 2887
 686 7536 4087
 687 9078 4117
 688 6552 2097
 689 2410 2283
 690 6262 590
 691 3463 3655
 692 4136 7648
 693 6336 5917
 694 9760 2172
 695 5891 3856
 696 5859 6772
 697 1237 7688
 698 9969 5555
 699 2726 54
 700 6238 1066
 701 2534 533
 702 5846 8016
 703 5742 2724
 704 5841 1440
 705 9349 5884
 706 1254 931
 707 554 1731
 708 3999 7399
 709 3315 1986
 710 5858 6468
 711 5720 5851
 712 267 7780
 713 7465 4543
 714 658 8244
 715 7570 980
 716 9841 8463
 717 1147 1952
 718 7470 3797
 719 4440 5398
 720 8871 2652
 721 9749 6454
 722 8555 3863
 723 9274 6074
 724 7670 1443
 725 5810 556
 726 8087 2907
 727 496 2774
 728 4821 550
 729 9816 2451
 730 5475 5950
 731 8897 1227
 732 4987 5250
 733 9928 4216
 734 6088 3590
 735 2366 4967
 736 4044 2586
 737 9922 1569
 738 9121 955
 739 3701 7514
 740 2717 5671
 741 3338 7500
 742 9848 4759
 743 2813 9418
 744 4978 4034
 745 7998 9485
 746 1767 7360
 747 3907 7258
 748 9524 161
 749 7827 6838
 750 8335 8190
 751 2721 1008
 752 2517 559
 753 8489 5526
 754 3326 8614
 755 4464 13
 756 6881 100
 757 4672 6355
 758 9048 9881
 759 7422 3906
 760 6009 6964
 761 9828 4060
 762 1171 7418
 763 576 9803
 764 7536 3287
 765 155 1392
 766 4752 8198
 767 415 9138
 768 7019 5004
 769 6994 4729
 770 7323 4610
 771 1100 5406
 772 9792 575
 773 8202 8736
 774 77 8455
 775 396 4399
 776 9259 78
 777 8581 3479
 778 3193 2523
 779 9262 763
 780 2509 3460
 781 2421 695
 782 4131 7995
 783 2671 3334
 784 2073 9468
 785 7575 7755
 786 9428 1786
 787 3376 2266
 788 3108 6540
 789 5979 7452
 790 3813 6892
 791 7276 5579
 792 6677 7948
 793 9031 8207
 794 4914 4935
 795 206 5053
 796 3547 8002
 797 2018 347
 798 5946 789
 799 7163 6760
 800 1943 7583
 801 4348 6160
 802 6812 775
 803 9041 4001
 804 6122 7089
 805 7539 4874
 806 5006 5977
 807 4426 522
 808 282 533
 809 4516 3558
 810 4648 34
 811 5021 4869
 812 7139 5787
 813 1852 1008
 814 3380 9161
 815 3222 4226
 816 3620 5213
 817 3198 1306
 818 2430 4844
 819 5503 1843
 820 8021 5638
 821 5454 2148
 822 3342 1450
 823 5177 18
 824 8514 6633
 825 6020 4638
 826 2838 7651
 827 282 4497
 828 9397 4166
 829 8531 5926
 830 9396 3252
 831 1679 6490
 832 2855 2625
 833 4723 369
 834 819 2017
 835 3045 1674
 836 8211 4907
 837 641 6997
 838 3910 9460
 839 6466 6767
 840 4769 4273
 841 7228 1838
 842 5103 9949
 843 1570 9841
 844 6411 5932
 845 7666 9918
 846 1707 593
 847 4024 6507
 848 5323 1433
 849 725 7596
 850 2235 1692
 851 2504 5766
 852 8621 3633
 853 9531 9473
 854 5833 9570
 855 2639 8274
 856 9901 1058
 857 2587 9588
 858 7263 6493
 859 6146 1734
 860 9743 4006
 861 7987 5138
 862 3119 416
 863 3567 8987
 864 2370 1304
 865 2169 712
 866 4999 5259
 867 2810 8741
 868 3974 7522
 869 4157 5758
 870 6968 4317
 871 4797 606
 872 1527 1508
 873 5050 4939
 874 6770 5267
 875 1501 4308
 876 9075 1139
 877 6141 8663
 878 2568 308
 879 8097 511
 880 4421 9255
 881 4603 2873
 882 1422 3064
 883 7200 4015
 884 2802 6143
 885 8296 1462
 886 8004 2979
 887 3661 4707
 888 3280 1723
 889 3285 3652
 890 5078 6860
 891 993 1555
 892 693 9408
 893 5813 6103
 894 2172 8422
 895 4959 9617
 896 9409 9603
 897 3758 9429
 898 551 8302
 899 5867 5367
 900 8565 5511
 901 6496 4679
 902 5860 9783
 903 4712 8058
 904 7901 8288
 905 3711 4039
 906 828 7757
 907 6201 2581
 908 3107 8437
 909 2391 5008
 910 816 8845
 911 5863 6118
 912 7387 593
 913 5426 1725
 914 9274 3652
 915 7070 1350
 916 7280 7666
 917 4242 2914
 918 2866 247
 919 812 3225
 920 1714 5219
 921 1160 8444
 922 6409 290
 923 1106 8360
 924 4178 1413
 925 8511 6929
 926 6531 1635
 927 2976 307
 928 20 3630
 929 632 5024
 930 4574 8003
 931 595 7406
 932 1601 6674
 933 7050 4811
 934 1676 1432
 935 6239 2655
 936 5776 207
 937 1520 251
 938 4182 1137
 939 288 909
 940 6750 4685
 941 7129 2970
 942 9843 4815
 943 6458 113
 944 9743 2159
 945 654 3635
 946 2382 3000
 947 4028 2392
 948 7428 9954
 949 7820 3979
 950 1995 1454
 951 9413 6047
 952 3193 2473
 953 4011 7409
 954 1416 7984
 955 2833 5760
 956 7333 4434
 957 8640 7761
 958 2000 1080
 959 452 5819
 960 6692 9847
 961 4567 9821
 962 1178 8095
 963 1352 846
 964 1569 6430
 965 2170 3350
 966 5335 508
 967 9216 1608
 968 8302 5398
 969 2188 6645
 970 7609 4025
 971 385 7188
 972 4784 9868
 973 4779 4395
 974 6757 1318
 975 1281 3974
 976 8097 9437
 977 163 6098
 978 4860 6023
 979 3687 3713
 980 1585 3813
 981 3738 4486
 982 9890 3109
 983 7011 5102
 984 9159 2823
 985 4806 2979
 986 549 8463
 987 5361 81
 988 7176 4464
 989 7086 9013
 990 8869 1240
 991 5034 201
 992 6935 1714
 993 2826 6245
 994 3757 6764
 995 2864 2821
 996 6125 6480
 997 20 9184
 998 6991 3808
 999 6272 1823
 1000 5834 5287
 1001 8761 7398
 1002 5424 9279
 1003 5498 7080
 1004 5065 6008
 1005 254 8098
 1006 3482 2986
 1007 9632 7176
 1008 252 7431
 1009 1757 8172
 1010 8000 3711
 1011 4340 1696
 1012 8029 1574
 1013 7455 8474
 1014 8144 3241
 1015 4319 5417
 1016 1380 9519
 1017 6472 3462
 1018 7334 4151
 1019 958 321
 1020 7496 5126
 1021 9619 3888
 1022 5742 9405
 1023 389 6733
 1024 1669 6218
 1025 9848 1332
 1026 59 2734
 1027 737 1502
 1028 872 644
 1029 6496 488
 1030 7684 5620
 1031 1570 4457
 1032 7228 2784
 1033 4165 901
 1034 7078 7085
 1035 7942 6695
 1036 7601 7992
 1037 106 8771
 1038 558 5701
 1039 3051 8054
 1040 3426 704
 1041 9718 4068
 1042 2326 8950
 1043 5142 8867
 1044 3263 3122
 1045 2057 5897
 1046 2134 753
 1047 6992 3157
 1048 9850 1152
 1049 7549 2763
 1050 5323 1662
 1051 5415 4593
 1052 3217 214
 1053 5591 4437
 1054 9677 5029
 1055 5894 8047
 1056 9594 4919
 1057 6471 9079
 1058 6504 4313
 1059 2751 4635
 1060 9670 6409
 1061 4863 3602
 1062 549 2910
 1063 604 9804
 1064 3959 9439
 1065 5680 4400
 1066 5301 9151
 1067 2149 9486
 1068 763 9576
 1069 2806 5223
 1070 7624 3431
 1071 7298 7223
 1072 2999 8141
 1073 6089 1594
 1074 3576 3094
 1075 2885 50
 1076 5645 2793
 1077 452 5776
 1078 5394 153
 1079 1187 5146
 1080 3379 7783
 1081 2537 3513
 1082 8260 2524
 1083 197 2228
 1084 4509 7013
 1085 8677 1484
 1086 9616 4443
 1087 6335 4660
 1088 169 9956
 1089 1836 9514
 1090 4791 2732
 1091 7664 4718
 1092 2243 8344
 1093 489 2776
 1094 4598 431
 1095 9534 9151
 1096 8866 2896
 1097 6493 1851
 1098 2399 3260
 1099 5920 8376
 1100 9772 520
 1101 5777 361
 1102 336 2195
 1103 5499 7206
 1104 4080 2731
 1105 5685 472
 1106 9846 775
 1107 4822 3815
 1108 2933 6293
 1109 3265 3488
 1110 3491 714
 1111 5407 643
 1112 3270 719
 1113 7868 1328
 1114 5119 3753
 1115 7230 8341
 1116 8108 9914
 1117 7174 7009
 1118 3025 1553
 1119 4704 5598
 1120 5678 2929
 1121 6847 6783
 1122 4953 2261
 1123 3959 214
 1124 4330 9670
 1125 199 3917
 1126 7281 335
 1127 6878 9983
 1128 1532 3793
 1129 6634 3719
 1130 1849 340
 1131 1508 3888
 1132 5560 6672
 1133 510 9900
 1134 4858 3475
 1135 2119 9725
 1136 6086 4512
 1137 7034 7372
 1138 7159 5045
 1139 979 8069
 1140 6915 7546
 1141 4847 4630
 1142 9068 8894
 1143 3151 1199
 1144 2236 3024
 1145 890 5882
 1146 8359 6585
 1147 5464 4662
 1148 2624 4530
 1149 6700 175
 1150 5585 1542
 1151 9735 8857
 1152 3710 3120
 1153 4657 3304
 1154 4625 318
 1155 696 8564
 1156 4273 8400
 1157 3563 7450
 1158 3150 3571
 1159 9235 5658
 1160 5677 6846
 1161 5147 1577
 1162 6232 1772
 1163 3740 7636
 1164 8354 1345
 1165 388 965
 1166 4217 8611
 1167 8442 7333
 1168 9162 7725
 1169 5134 4828
 1170 7751 9663
 1171 1877 6891
 1172 3562 1150
 1173 3999 2772
 1174 3345 3542
 1175 2352 5516
 1176 7562 4606
 1177 8475 5354
 1178 4066 7310
 1179 1408 9938
 1180 4000 7867
 1181 4013 4232
 1182 7440 6154
 1183 4322 2692
 1184 721 3761
 1185 189 6654
 1186 7030 8114
 1187 8060 1650
 1188 2215 1076
 1189 9034 5767
 1190 622 4822
 1191 6342 5194
 1192 7811 505
 1193 8182 1921
 1194 4750 7994
 1195 812 8911
 1196 7942 6423
 1197 9797 6052
 1198 5044 1982
 1199 2178 7011
 1200 7177 9850
 1201 6303 5829
 1202 315 5966
 1203 2591 7744
 1204 8512 1124
 1205 2651 8165
 1206 6494 3254
 1207 297 8440
 1208 3380 6444
 1209 7991 5843
 1210 1537 2930
 1211 3100 520
 1212 3424 2679
 1213 1690 747
 1214 2887 3612
 1215 2066 8840
 1216 6686 165
 1217 1374 8264
 1218 2811 169
 1219 6499 292
 1220 4428 3424
 1221 1183 9872
 1222 4957 8524
 1223 630 4439
 1224 6319 6388
 1225 2411 6396
 1226 9977 3977
 1227 107 1310
 1228 1912 1207
 1229 2295 6444
 1230 5420 8614
 1231 9413 2568
 1232 386 7306
 1233 6466 7667
 1234 2012 3824
 1235 2879 5293
 1236 6861 6822
 1237 8653 3000
 1238 4640 72
 1239 1606 2448
 1240 9230 1555
 1241 2426 4468
 1242 3209 3125
 1243 8674 927
 1244 7277 7814
 1245 1969 3625
 1246 5217 1760
 1247 3549 4032
 1248 3649 8919
 1249 8064 9133
 1250 8857 6704
 1251 3052 5420
 1252 4953 8494
 1253 2771 8530
 1254 4357 6134
 1255 8201 7282
 1256 4349 8799
 1257 9701 7474
 1258 6200 2779
 1259 1537 1460
 1260 286 2564
 1261 9599 6510
 1262 4439 4644
 1263 4917 2228
 1264 5340 5079
 1265 1248 9160
 1266 4465 236
 1267 6721 2688
 1268 5695 8666
 1269 7260 9007
 1270 1471 8238
 1271 5052 1219
 1272 7326 4611
 1273 4491 8729
 1274 6388 9314
 1275 5996 768
 1276 2232 3884
 1277 1415 2151
 1278 5889 360
 1279 2042 5736
 1280 2430 7287
 1281 4013 3290
 1282 5707 6583
 1283 8352 7587
 1284 801 5432
 1285 5196 5899
 1286 1278 7430
 1287 6173 239
 1288 6629 2116
 1289 3397 1891
 1290 2222 4072
 1291 1928 8480
 1292 4105 5755
 1293 7128 2371
 1294 1473 7345
 1295 9232 1751
 1296 1292 5137
 1297 2565 2237
 1298 1714 4300
 1299 6488 3359
 1300 3591 3927
 1301 1399 7016
 1302 2414 4617
 1303 4454 5350
 1304 2227 7088
 1305 3950 7709
 1306 3618 8603
 1307 5890 3667
 1308 5293 5147
 1309 1187 6671
 1310 456 945
 1311 4774 6304
 1312 445 1894
 1313 6879 2022
 1314 8167 5591
 1315 531 9950
 1316 284 8617
 1317 8292 7560
 1318 1804 705
 1319 3083 6228
 1320 4580 8070
 1321 765 9382
 1322 370 6038
 1323 2153 8932
 1324 5247 7214
 1325 4529 9247
 1326 2770 9843
 1327 6046 4935
 1328 874 7404
 1329 6090 4726
 1330 7542 8899
 1331 5099 8148
 1332 5159 4654
 1333 5806 483
 1334 1948 2484
 1335 3426 3778
 1336 8652 1199
 1337 258 2637
 1338 639 9742
 1339 1141 1959
 1340 6164 5140
 1341 4978 9986
 1342 6559 6640
 1343 6412 7924
 1344 38 3631
 1345 1388 1949
 1346 5828 5254
 1347 6805 432
 1348 4118 6125
 1349 9211 5957
 1350 1438 3929
 1351 1747 1724
 1352 5263 6347
 1353 4785 3694
 1354 9763 7826
 1355 3465 9318
 1356 6721 5169
 1357 7035 8167
 1358 7683 4429
 1359 17 7813
 1360 9279 1395
 1361 354 5275
 1362 4723 352
 1363 8739 6743
 1364 9629 7239
 1365 8070 6037
 1366 8016 6099
 1367 1965 8715
 1368 6827 9774
 1369 2789 7853
 1370 8260 1566
 1371 5363 9044
 1372 5996 3521
 1373 7231 9077
 1374 503 2325
 1375 5427 4843
 1376 6385 6464
 1377 4854 2527
 1378 5370 4541
 1379 1896 4895
 1380 3587 1020
 1381 5719 301
 1382 6104 9353
 1383 7405 1107
 1384 4059 4351
 1385 7181 3303
 1386 913 5540
 1387 5195 9228
 1388 1224 1690
 1389 5476 3200
 1390 6334 7655
 1391 1286 3444
 1392 4484 1637
 1393 459 533
 1394 4226 8527
 1395 4589 7512
 1396 2422 1117
 1397 3951 518
 1398 6215 4546
 1399 9658 887
 1400 9449 5950
 1401 1666 2869
 1402 8332 1031
 1403 5030 520
 1404 3784 985
 1405 1306 5609
 1406 5654 949
 1407 7153 9114
 1408 6890 256
 1409 1154 1550
 1410 3154 268
 1411 3820 6033
 1412 8326 6720
 1413 4953 3639
 1414 4746 6617
 1415 8586 5906
 1416 8459 6382
 1417 2105 454
 1418 1134 2349
 1419 8177 6551
 1420 8925 3932
 1421 5088 7487
 1422 7250 2977
 1423 2226 3455
 1424 770 2346
 1425 9833 5067
 1426 1835 9884
 1427 8049 1268
 1428 2289 3758
 1429 1616 3995
 1430 6164 82
 1431 7008 5483
 1432 6781 4432
 1433 8938 7200
 1434 2804 2692
 1435 9165 8
 1436 510 91
 1437 4773 817
 1438 1773 8517
 1439 836 3569
 1440 6224 695
 1441 9985 7414
 1442 7886 7571
 1443 7650 8360
 1444 3699 3374
 1445 2817 9168
 1446 5061 3860
 1447 2726 3756
 1448 8242 8488
 1449 8621 566
 1450 5519 7340
 1451 7884 7322
 1452 2014 1964
 1453 9426 4372
 1454 3894 3946
 1455 1832 9688
 1456 8191 1215
 1457 6092 9763
 1458 9371 1535
 1459 7282 5318
 1460 7045 7187
 1461 2362 8704
 1462 1359 6979
 1463 9804 9138
 1464 4921 8648
 1465 5802 9105
 1466 5389 2828
 1467 359 2462
 1468 3384 4440
 1469 546 4653
 1470 6223 78
 1471 1360 2236
 1472 1262 7356
 1473 5631 6689
 1474 6514 1529
 1475 1124 1516
 1476 6306 571
 1477 8912 4532
 1478 4044 6383
 1479 7392 7507
 1480 4851 9279
 1481 8774 8023
 1482 7644 909
 1483 7611 7591
 1484 5380 4100
 1485 5595 8735
 1486 8981 6089
 1487 2425 6011
 1488 2240 6492
 1489 5030 277
 1490 2078 5329
 1491 8316 2936
 1492 9651 4011
 1493 9455 7581
 1494 5148 2189
 1495 9518 8448
 1496 8748 1756
 1497 2960 3554
 1498 4331 2015
 1499 5600 8149
 1500 6294 3506
 1501 9200 4159
 1502 7266 801
 1503 5661 6038
 1504 3130 2799
 1505 7197 5022
 1506 5209 5836
 1507 3329 7609
 1508 1098 8045
 1509 6270 1690
 1510 4524 2512
 1511 5423 7061
 1512 2952 1278
 1513 7286 4168
 1514 4228 6493
 1515 3463 7099
 1516 8309 1450
 1517 8515 5323
 1518 2553 6125
 1519 1010 6800
 1520 2556 9078
 1521 7234 7588
 1522 8660 7677
 1523 7013 2396
 1524 5174 9817
 1525 5251 7467
 1526 6913 180
 1527 9278 2837
 1528 6986 9327
 1529 6850 4392
 1530 1906 4953
 1531 2542 6631
 1532 4611 1996
 1533 5829 5119
 1534 1168 4170
 1535 4422 7006
 1536 1964 130
 1537 2223 6317
 1538 1162 1835
 1539 5095 2221
 1540 6906 8781
 1541 6293 3616
 1542 278 8734
 1543 1316 3986
 1544 8947 6951
 1545 6173 5283
 1546 3696 5940
 1547 7398 3711
 1548 7948 5016
 1549 2290 7785
 1550 7343 4771
 1551 7872 9186
 1552 708 39
 1553 4005 2536
 1554 4969 1713
 1555 2717 1132
 1556 6649 5063
 1557 2924 7171
 1558 5996 897
 1559 2926 5946
 1560 7765 3683
 1561 59 564
 1562 1402 8915
 1563 1015 2141
 1564 5759 9413
 1565 505 5126
 1566 1294 8496
 1567 5599 7063
 1568 4081 8937
 1569 4816 9870
 1570 7571 3687
 1571 960 7137
 1572 6953 5307
 1573 8289 4449
 1574 820 540
 1575 1240 8630
 1576 874 107
 1577 2486 4097
 1578 729 3228
 1579 1479 8808
 1580 8976 2034
 1581 9364 5000
 1582 1466 982
 1583 518 8470
 1584 1361 4240
 1585 6359 636
 1586 7552 6222
 1587 5635 9787
 1588 8085 6880
 1589 8616 5090
 1590 4874 3706
 1591 756 7662
 1592 3892 7702
 1593 5953 2084
 1594 9487 2892
 1595 1002 2571
 1596 6908 2474
 1597 3164 4551
 1598 7703 3199
 1599 1598 9085
 1600 3411 6658
 1601 3576 851
 1602 4708 6158
 1603 8514 8458
 1604 7036 9907
 1605 1396 4202
 1606 2802 473
 1607 8213 8007
 1608 4673 2839
 1609 2748 6975
 1610 8968 430
 1611 6227 5434
 1612 9720 2850
 1613 259 4867
 1614 6442 7473
 1615 4615 3
 1616 3773 8098
 1617 962 4346
 1618 4082 243
 1619 4326 3472
 1620 8195 1071
 1621 7904 8151
 1622 539 3684
 1623 7250 93
 1624 9936 9514
 1625 1860 7028
 1626 1918 4968
 1627 681 5083
 1628 8353 2779
 1629 7546 2729
 1630 7904 9537
 1631 5101 6236
 1632 3450 4685
 1633 9948 70
 1634 3371 8996
 1635 9013 5777
 1636 5951 4575
 1637 6162 8145
 1638 3792 1674
 1639 6724 9087
 1640 5505 4623
 1641 4585 5061
 1642 1035 3266
 1643 9465 7181
 1644 9096 4614
 1645 4191 813
 1646 2071 3108
 1647 5984 7094
 1648 3152 9516
 1649 9229 7010
 1650 2059 3280
 1651 8247 1685
 1652 7401 572
 1653 4578 9580
 1654 2925 1751
 1655 6812 4169
 1656 9589 2830
 1657 7454 5317
 1658 2342 4396
 1659 1 6443
 1660 5168 7448
 1661 6 2157
 1662 9390 1071
 1663 5304 4463
 1664 6291 375
 1665 5112 376
 1666 8783 9060
 1667 4702 9922
 1668 6862 4009
 1669 3757 2662
 1670 9485 6854
 1671 5513 3301
 1672 4583 6913
 1673 5021 9591
 1674 1683 2520
 1675 5008 5153
 1676 1597 4761
 1677 6150 7795
 1678 7199 3793
 1679 6888 5238
 1680 3593 153
 1681 3871 636
 1682 5214 1398
 1683 7757 7960
 1684 2272 3032
 1685 2740 2381
 1686 3958 3735
 1687 2954 8852
 1688 3120 462
 1689 9353 6168
 1690 2961 1998
 1691 6700 8958
 1692 9703 6918
 1693 3342 1311
 1694 33 2452
 1695 9589 3416
 1696 871 8180
 1697 9381 9195
 1698 6799 8995
 1699 8264 7379
 1700 745 5676
 1701 7406 4084
 1702 1709 5359
 1703 3414 2453
 1704 6976 5119
 1705 8370 7043
 1706 1433 2630
 1707 8645 6725
 1708 4838 7345
 1709 7933 5538
 1710 431 394
 1711 5051 6301
 1712 9708 3286
 1713 8927 5215
 1714 6349 9986
 1715 3819 2160
 1716 5740 6913
 1717 4969 2460
 1718 7538 9111
 1719 2410 369
 1720 8618 4622
 1721 9496 241
 1722 9958 724
 1723 209 6971
 1724 4424 2138
 1725 3561 3188
 1726 3923 1887
 1727 149 7258
 1728 9978 904
 1729 8830 3111
 1730 7035 443
 1731 2008 1989
 1732 146 1397
 1733 7229 6125
 1734 2285 3957
 1735 431 6458
 1736 4917 7488
 1737 205 6681
 1738 8622 4894
 1739 2874 6753
 1740 2579 3971
 1741 9863 2579
 1742 548 8880
 1743 3058 1717
 1744 1728 3315
 1745 5111 2172
 1746 7176 7630
 1747 4755 4677
 1748 1125 609
 1749 4491 4787
 1750 770 2082
 1751 5094 2590
 1752 4684 6611
 1753 6207 9078
 1754 9897 9010
 1755 7755 518
 1756 1834 4978
 1757 357 9984
 1758 1994 2745
 1759 3320 286
 1760 9928 955
 1761 5794 6251
 1762 3263 4936
 1763 5607 8711
 1764 535 4469
 1765 5404 9528
 1766 1999 4048
 1767 6980 580
 1768 6886 3423
 1769 2358 2842
 1770 2879 3065
 1771 8295 4513
 1772 7643 7488
 1773 3777 3595
 1774 3464 6849
 1775 194 2149
 1776 7047 3170
 1777 6321 346
 1778 9004 3774
 1779 8761 1688
 1780 5182 8097
 1781 9526 8218
 1782 2401 8655
 1783 3483 6345
 1784 5243 2514
 1785 5682 6185
 1786 4715 9303
 1787 156 955
 1788 6670 3106
 1789 3889 1097
 1790 8260 6402
 1791 6373 9642
 1792 3168 2666
 1793 9897 1559
 1794 8863 6399
 1795 6147 6890
 1796 1701 8370
 1797 3003 3354
 1798 3322 9420
 1799 9841 2871
 1800 1807 5646
 1801 7177 7335
 1802 4818 7561
 1803 7461 9254
 1804 8399 1400
 1805 7751 34
 1806 5858 3429
 1807 4029 2601
 1808 3540 659
 1809 4579 2111
 1810 6745 4518
 1811 6974 2577
 1812 4229 6909
 1813 5087 6878
 1814 9206 4997
 1815 4409 7787
 1816 7392 7701
 1817 4142 862
 1818 8359 2267
 1819 7683 2556
 1820 3533 6967
 1821 7922 477
 1822 7695 5369
 1823 5752 7286
 1824 2395 6870
 1825 9929 8713
 1826 2076 4522
 1827 2291 1937
 1828 2471 8921
 1829 3394 2244
 1830 2854 8175
 1831 8570 6740
 1832 6381 4087
 1833 6871 317
 1834 7984 7643
 1835 3620 5428
 1836 5483 71
 1837 210 1154
 1838 6720 3918
 1839 815 9025
 1840 5273 6239
 1841 7710 4902
 1842 4806 9732
 1843 9743 1974
 1844 1884 7620
 1845 6841 8653
 1846 2075 8350
 1847 5682 5557
 1848 8510 7785
 1849 9310 9477
 1850 3429 5784
 1851 127 6820
 1852 7065 8510
 1853 235 7636
 1854 7298 7269
 1855 480 4856
 1856 6053 6046
 1857 7719 5865
 1858 2440 7256
 1859 3340 7377
 1860 5871 5432
 1861 309 2948
 1862 999 5709
 1863 7781 9460
 1864 6210 3154
 1865 9274 4521
 1866 7976 3268
 1867 6087 1864
 1868 7022 1113
 1869 6421 3667
 1870 3243 5457
 1871 17 459
 1872 5588 5395
 1873 1598 5970
 1874 95 8609
 1875 4547 2599
 1876 2009 3463
 1877 5824 8649
 1878 9598 2045
 1879 4813 2640
 1880 8980 9461
 1881 4887 5124
 1882 2384 2798
 1883 1138 8369
 1884 6174 4718
 1885 3847 8298
 1886 768 5346
 1887 4171 1440
 1888 2710 378
 1889 5217 6695
 1890 8842 1221
 1891 8050 6681
 1892 6830 1602
 1893 4758 7515
 1894 805 2138
 1895 579 7482
 1896 2947 9407
 1897 6682 5191
 1898 4245 1535
 1899 605 9061
 1900 2413 2374
 1901 4101 3304
 1902 5615 4240
 1903 4175 2316
 1904 2094 5864
 1905 4888 33
 1906 9521 617
 1907 2868 8004
 1908 7106 7998
 1909 7345 2369
 1910 9753 1556
 1911 1586 3291
 1912 7680 6887
 1913 2363 1285
 1914 3117 1762
 1915 9611 7741
 1916 1704 145
 1917 6141 7774
 1918 3675 5358
 1919 6184 3129
 1920 2141 6757
 1921 9999 3844
 1922 7567 8526
 1923 2905 5867
 1924 3425 5404
 1925 5235 7268
 1926 4668 9494
 1927 4466 3692
 1928 9079 4220
 1929 9548 9801
 1930 4192 7843
 1931 2782 837
 1932 733 1001
 1933 3217 8139
 1934 1456 5063
 1935 1581 4861
 1936 7186 3364
 1937 4086 9945
 1938 4699 1343
 1939 4791 8773
 1940 492 1635
 1941 4435 557
 1942 8405 9729
 1943 9129 5063
 1944 4559 5216
 1945 9693 9695
 1946 9636 1778
 1947 8826 2005
 1948 4369 3743
 1949 9222 7475
 1950 2221 3826
 1951 2698 6260
 1952 5388 8191
 1953 8342 842
 1954 6274 4161
 1955 8312 3178
 1956 8093 2368
 1957 8755 4982
 1958 4762 6004
 1959 941 3275
 1960 6543 2786
 1961 1264 1409
 1962 8664 8656
 1963 8083 9987
 1964 9065 1005
 1965 7579 4139
 1966 3861 539
 1967 2108 195
 1968 5701 5402
 1969 7831 5382
 1970 7512 7410
 1971 7313 9635
 1972 4673 7419
 1973 6091 4120
 1974 5613 4770
 1975 4105 7148
 1976 3128 4102
 1977 7546 5996
 1978 1595 1979
 1979 3215 9958
 1980 1812 4605
 1981 9188 8026
 1982 5664 2560
 1983 5027 631
 1984 3587 9000
 1985 3408 6241
 1986 3483 4184
 1987 4134 1461
 1988 7980 377
 1989 6006 177
 1990 9657 5224
 1991 4320 3422
 1992 1426 6538
 1993 1320 4308
 1994 2846 7270
 1995 7614 4652
 1996 6832 609
 1997 7926 442
 1998 7710 9216
 1999 372 3901
 2000 215 3065
 2001 7506 465
 2002 368 9603
 2003 7467 1270
 2004 2808 6446
 2005 5010 7168
 2006 29 3349
 2007 5953 8009
 2008 1107 623
 2009 2502 2232
 2010 8817 990
 2011 9563 6692
 2012 6017 8384
 2013 562 2511
 2014 137 9051
 2015 3119 6436
 2016 7508 2472
 2017 9789 6515
 2018 5147 4377
 2019 9279 2190
 2020 6761 4238
 2021 5989 4308
 2022 4014 8057
 2023 7028 4234
 2024 4150 4756
 2025 8788 8431
 2026 8521 6793
 2027 5010 4883
 2028 5449 4666
 2029 2275 6982
 2030 8336 7461
 2031 5049 742
 2032 4767 7655
 2033 3325 3186
 2034 3912 2799
 2035 2619 560
 2036 8168 4730
 2037 6323 5666
 2038 6678 5339
 2039 7417 9351
 2040 9183 9810
 2041 5448 519
 2042 9759 4400
 2043 6704 4054
 2044 3741 2699
 2045 9483 8650
 2046 6781 2388
 2047 7535 2127
 2048 6232 4647
 2049 7598 5934
 2050 3140 9536
 2051 2324 4692
 2052 6596 5549
 2053 9339 5063
 2054 1626 8279
 2055 7790 6997
 2056 7533 845
 2057 3905 9897
 2058 6151 7410
 2059 3705 1126
 2060 2287 6119
 2061 2979 1053
 2062 6328 2389
 2063 4522 2320
 2064 4575 446
 2065 2897 7020
 2066 4935 2911
 2067 1937 1320
 2068 3089 1334
 2069 1792 1833
 2070 2330 1664
 2071 2882 7015
 2072 4810 9392
 2073 6778 3865
 2074 7739 8856
 2075 7580 6918
 2076 3171 6619
 2077 2643 717
 2078 8045 3259
 2079 120 7152
 2080 3081 1732
 2081 4767 9911
 2082 3275 9802
 2083 182 9436
 2084 8672 6796
 2085 612 5464
 2086 5138 4617
 2087 6916 2058
 2088 4458 7925
 2089 5705 2697
 2090 7841 512
 2091 4403 1394
 2092 7624 4269
 2093 6194 3124
 2094 9827 2312
 2095 9642 8777
 2096 7998 9337
 2097 3803 6626
 2098 1199 6915
 2099 9814 6869
 2100 3639 1203
 2101 6054 2756
 2102 7128 187
 2103 6388 735
 2104 4731 2276
 2105 2144 1258
 2106 3482 2628
 2107 3860 1176
 2108 2239 7435
 2109 850 6323
 2110 3857 5020
 2111 7675 6917
 2112 2609 3518
 2113 3862 179
 2114 2727 5677
 2115 6073 2266
 2116 2322 7915
 2117 4034 6645
 2118 8727 8612
 2119 7333 3576
 2120 7612 533
 2121 1618 6963
 2122 6650 5290
 2123 8695 2977
 2124 7155 6560
 2125 9266 2520
 2126 8879 983
 2127 5992 3527
 2128 3053 7088
 2129 3118 2739
 2130 5968 7297
 2131 9610 5022
 2132 4512 54
 2133 8141 9090
 2134 9515 840
 2135 9994 3149
 2136 6758 6130
 2137 9692 3617
 2138 2715 6280
 2139 666 8651
 2140 8185 3604
 2141 9015 9526
 2142 9678 8228
 2143 5256 778
 2144 1945 669
 2145 6641 71
 2146 1325 1331
 2147 2371 6097
 2148 4540 6122
 2149 6255 2081
 2150 4570 809
 2151 6578 90
 2152 1415 9846
 2153 2311 5035
 2154 6277 7953
 2155 1715 989
 2156 4914 4827
 2157 5198 4525
 2158 1474 8374
 2159 1549 5075
 2160 4766 1801
 2161 718 1071
 2162 6838 6377
 2163 3163 7141
 2164 7192 3732
 2165 5432 313
 2166 5508 5390
 2167 8985 48
 2168 2570 6685
 2169 1475 2815
 2170 7931 9030
 2171 4010 5418
 2172 9200 6389
 2173 5587 5695
 2174 622 2664
 2175 6908 5022
 2176 1637 9286
 2177 3869 9030
 2178 7208 7888
 2179 9501 5964
 2180 507 8110
 2181 6629 6369
 2182 2053 54
 2183 4958 5425
 2184 4823 8652
 2185 5617 9644
 2186 898 1153
 2187 7907 3264
 2188 7452 4354
 2189 5886 639
 2190 3900 4700
 2191 48 7594
 2192 8478 532
 2193 2265 7870
 2194 1108 7258
 2195 6083 7418
 2196 8874 6339
 2197 8102 1778
 2198 7000 5757
 2199 8234 515
 2200 9835 1921
 2201 1369 8053
 2202 6823 268
 2203 1947 5871
 2204 2114 8192
 2205 8087 4545
 2206 2592 6628
 2207 9867 8274
 2208 4295 5383
 2209 4816 6840
 2210 8955 5357
 2211 1365 4814
 2212 2192 5025
 2213 1121 6773
 2214 6523 8319
 2215 3919 519
 2216 8823 7046
 2217 2294 3153
 2218 1823 8388
 2219 9898 5388
 2220 7157 7588
 2221 3103 3270
 2222 2975 4475
 2223 6700 5203
 2224 8249 2552
 2225 6622 2057
 2226 4691 8183
 2227 8721 9974
 2228 6899 7733
 2229 8824 9815
 2230 5918 1663
 2231 806 224
 2232 9856 3082
 2233 6354 6001
 2234 4713 5819
 2235 6718 3585
 2236 2710 9636
 2237 1530 516
 2238 9581 7476
 2239 4532 9092
 2240 8420 358
 2241 355 5283
 2242 6007 8619
 2243 5837 1201
 2244 485 6431
 2245 3644 8206
 2246 754 111
 2247 9766 7943
 2248 4582 5354
 2249 5098 8263
 2250 8833 5332
 2251 7400 6631
 2252 9493 5069
 2253 5704 9915
 2254 8500 4563
 2255 6950 1186
 2256 361 4580
 2257 313 4089
 2258 1177 3716
 2259 9154 8364
 2260 3652 9545
 2261 6306 1279
 2262 7347 7774
 2263 169 9906
 2264 3950 3362
 2265 2181 2209
 2266 9505 6369
 2267 6569 2381
 2268 2241 2459
 2269 3810 2152
 2270 7893 6643
 2271 8457 247
 2272 6934 6447
 2273 3802 1746
 2274 1250 6553
 2275 5037 9028
 2276 4355 5982
 2277 1819 864
 2278 9665 1812
 2279 8884 4073
 2280 4914 8562
 2281 342 6322
 2282 3112 9072
 2283 8909 2463
 2284 4010 7961
 2285 8239 668
 2286 1140 4895
 2287 3886 7514
 2288 6583 2502
 2289 1942 2345
 2290 1328 3064
 2291 3828 7238
 2292 7527 5714
 2293 809 9249
 2294 9342 4699
 2295 8136 3757
 2296 1987 3441
 2297 2347 7957
 2298 3622 1255
 2299 5848 8134
 2300 8925 9214
 2301 7670 6649
 2302 3959 5589
 2303 5146 7555
 2304 4220 8442
 2305 958 4683
 2306 1941 4788
 2307 7095 4444
 2308 1114 7846
 2309 1688 4089
 2310 4307 5014
 2311 8298 1605
 2312 4532 3342
 2313 9990 3353
 2314 4763 7456
 2315 3535 966
 2316 2627 4715
 2317 5295 9347
 2318 4959 5543
 2319 7667 6866
 2320 2242 6332
 2321 3743 3970
 2322 2528 2709
 2323 6182 3267
 2324 3723 5462
 2325 6336 7473
 2326 5146 7244
 2327 3667 4291
 2328 9669 4769
 2329 9426 5764
 2330 8303 35
 2331 1541 3941
 2332 3947 517
 2333 9259 3444
 2334 9496 7073
 2335 2327 9888
 2336 7099 3320
 2337 1047 6597
 2338 3813 1872
 2339 232 1797
 2340 8103 1099
 2341 7405 4523
 2342 7105 7977
 2343 9085 5077
 2344 4618 1892
 2345 3837 9096
 2346 762 1058
 2347 2190 5408
 2348 4059 959
 2349 4964 9538
 2350 7600 2017
 2351 9127 3182
 2352 2554 9189
 2353 4786 4675
 2354 1636 9445
 2355 9753 1831
 2356 7499 7649
 2357 1482 9155
 2358 1015 7230
 2359 9079 6729
 2360 6747 5292
 2361 7729 8268
 2362 6636 6559
 2363 7533 2005
 2364 9170 1540
 2365 5065 4938
 2366 4103 82
 2367 4823 7227
 2368 2760 3843
 2369 3615 5704
 2370 9347 5349
 2371 3869 1686
 2372 4005 1694
 2373 4122 142
 2374 973 6403
 2375 7770 1975
 2376 7714 6135
 2377 8627 3292
 2378 7731 6302
 2379 9726 5203
 2380 664 1613
 2381 4971 2675
 2382 7586 9229
 2383 4302 1591
 2384 4152 7540
 2385 9698 404
 2386 6667 5206
 2387 2028 3158
 2388 4913 9228
 2389 7813 5536
 2390 266 168
 2391 4967 1899
 2392 1996 3137
 2393 6890 4246
 2394 2076 8874
 2395 628 7826
 2396 592 1094
 2397 6082 2964
 2398 9792 2218
 2399 4400 9815
 2400 9568 4613
 2401 376 6260
 2402 7460 319
 2403 5580 8233
 2404 8475 5396
 2405 8134 8358
 2406 467 3624
 2407 1421 5226
 2408 1770 1049
 2409 2845 1633
 2410 620 2027
 2411 216 8619
 2412 7341 3757
 2413 2625 3723
 2414 89 8320
 2415 44 6600
 2416 5880 875
 2417 5152 5322
 2418 5723 6607
 2419 1375 5453
 2420 1683 3217
 2421 5085 2493
 2422 433 3
 2423 6595 2795
 2424 7599 9807
 2425 5519 494
 2426 6724 34
 2427 5860 8297
 2428 1116 4316
 2429 4842 5550
 2430 2823 1425
 2431 8773 9212
 2432 2472 505
 2433 8818 1504
 2434 4767 7126
 2435 4652 9850
 2436 6156 7040
 2437 6501 8851
 2438 493 6886
 2439 7269 1066
 2440 8885 6563
 2441 2528 7159
 2442 3952 5782
 2443 9466 4331
 2444 3877 5391
 2445 1146 8808
 2446 1848 950
 2447 6374 5357
 2448 4760 915
 2449 6363 5765
 2450 5482 9207
 2451 2196 7677
 2452 3223 7574
 2453 9999 361
 2454 9151 5588
 2455 3519 1816
 2456 4393 9825
 2457 3356 5997
 2458 633 4659
 2459 4980 9094
 2460 6258 8454
 2461 2577 4030
 2462 961 6113
 2463 8738 8299
 2464 2985 6705
 2465 9065 1211
 2466 2350 4831
 2467 1357 6232
 2468 1347 9809
 2469 976 6949
 2470 9736 5531
 2471 2701 355
 2472 8970 6661
 2473 8503 7009
 2474 1707 2149
 2475 8917 4121
 2476 2756 9237
 2477 242 7783
 2478 6948 5031
 2479 1290 7409
 2480 8796 7140
 2481 7991 5152
 2482 1586 488
 2483 2056 9044
 2484 7156 8540
 2485 3638 2027
 2486 2244 2238
 2487 5080 2236
 2488 7427 94
 2489 9441 7231
 2490 1357 4959
 2491 7883 995
 2492 2407 6278
 2493 224 6796
 2494 3846 1325
 2495 8340 4718
 2496 6770 6302
 2497 6884 6046
 2498 5275 7536
 2499 4178 1428
 2500 7843 2764
DEMAND_SECTION
 1 0
 2 23
 3 1
 4 4
 5 4
 6 19
 7 5
 8 22
 9 19
 10 21
 11 24
 12 4
 13 9
 14 17
 15 9
 16 24
 17 22
 18 7
 19 15
 20 10
 21 13
 22 22
 23 15
 24 24
 25 1
 26 8
 27 17
 28 6
 29 9
 30 20
 31 24
 32 2
 33 11
 34 17
 35 23
 36 13
 37 10
 38 13
 39 25
 40 8
 41 4
 42 6
 43 21
 44 7
 45 6
 46 24
 47 12
 48 2
 49 11
 50 14
 51 3
 52 15
 53 16
 54 6
 55 24
 56 11
 57 7
 58 15
 59 16
 60 6
 61 21
 62 5
 63 1
 64 10
 65 13
 66 17
 67 24
 68 20
 69 2
 70 9
 71 20
 72 4
 73 5
 74 13
 75 3
 76 6
 77 15
 78 10
 79 6
 80 1
 81 2
 82 14
 83 3
 84 4
 85 15
 86 3
 87 23
 88 10
 89 8
 90 17
 91 17
 92 21
 93 11
 94 1
 95 17
 96 21
 97 2
 98 22
 99 6
 100 2
 101 9
 102 25
 103 2
 104 4
 105 21
 106 22
 107 17
 108 13
 109 4
 110 19
 111 23
 112 25
 113 5
 114 11
 115 12
 116 10
 117 1
 118 23
 119 5
 120 13
 121 20
 122 18
 123 4
 124 21
 125 22
 126 5
 127 18
 128 19
 129 23
 130 9
 131 6
 132 15
 133 9
 134 14
 135 11
 136 15
 137 13
 138 7
 139 10
 140 11
 141 15
 142 22
 143 14
 144 11
 145 15
 146 16
 147 7
 148 25
 149 8
 150 15
 151 22
 152 5
 153 15
 154 18
 155 16
 156 17
 157 10
 158 19
 159 12
 160 12
 161 14
 162 4
 163 5
 164 1
 165 14
 166 18
 167 15
 168 11
 169 19
 170 1
 171 22
 172 17
 173 10
 174 5
 175 16
 176 18
 177 2
 178 1
 179 17
 180 1
 181 6
 182 2
 183 8
 184 3
 185 4
 186 11
 187 5
 188 1
 189 16
 190 7
 191 24
 192 7
 193 8
 194 18
 195 18
 196 8
 197 11
 198 5
 199 2
 200 11
 201 1
 202 10
 203 3
 204 4
 205 20
 206 15
 207 4
 208 12
 209 2
 210 2
 211 6
 212 8
 213 13
 214 18
 215 24
 216 22
 217 5
 218 2
 219 6
 220 24
 221 9
 222 18
 223 8
 224 11
 225 24
 226 14
 227 21
 228 4
 229 21
 230 21
 231 15
 232 18
 233 25
 234 13
 235 21
 236 20
 237 8
 238 24
 239 25
 240 8
 241 14
 242 22
 243 3
 244 17
 245 6
 246 18
 247 1
 248 11
 249 15
 250 15
 251 12
 252 15
 253 13
 254 8
 255 5
 256 17
 257 10
 258 3
 259 21
 260 3
 261 9
 262 11
 263 11
 264 22
 265 13
 266 2
 267 3
 268 9
 269 19
 270 24
 271 4
 272 6
 273 13
 274 14
 275 21
 276 15
 277 4
 278 6
 279 5
 280 1
 281 11
 282 20
 283 5
 284 22
 285 23
 286 7
 287 17
 288 18
 289 17
 290 1
 291 17
 292 23
 293 10
 294 15
 295 20
 296 3
 297 25
 298 20
 299 4
 300 8
 301 9
 302 9
 303 15
 304 24
 305 5
 306 17
 307 1
 308 18
 309 5
 310 20
 311 23
 312 6
 313 5
 314 20
 315 20
 316 19
 317 16
 318 8
 319 20
 320 4
 321 24
 322 13
 323 20
 324 5
 325 21
 326 14
 327 8
 328 17
 329 9
 330 15
 331 19
 332 16
 333 9
 334 4
 335 14
 336 20
 337 12
 338 9
 339 24
 340 3
 341 11
 342 5
 343 9
 344 19
 345 21
 346 17
 347 3
 348 25
 349 24
 350 3
 351 2
 352 17
 353 21
 354 7
 355 25
 356 15
 357 9
 358 2
 359 17
 360 23
 361 16
 362 24
 363 22
 364 2
 365 20
 366 16
 367 17
 368 3
 369 20
 370 10
 371 18
 372 22
 373 14
 374 5
 375 15
 376 19
 377 16
 378 18
 379 24
 380 19
 381 15
 382 8
 383 14
 384 4
 385 1
 386 10
 387 20
 388 10
 389 9
 390 22
 391 25
 392 20
 393 13
 394 13
 395 1
 396 15
 397 13
 398 22
 399 6
 400 6
 401 5
 402 1
 403 21
 404 13
 405 20
 406 8
 407 23
 408 11
 409 5
 410 21
 411 19
 412 10
 413 23
 414 4
 415 21
 416 21
 417 2
 418 11
 419 17
 420 17
 421 7
 422 10
 423 17
 424 9
 425 7
 426 4
 427 22
 428 4
 429 1
 430 12
 431 3
 432 18
 433 8
 434 11
 435 12
 436 24
 437 13
 438 14
 439 15
 440 2
 441 8
 442 13
 443 2
 444 3
 445 14
 446 21
 447 24
 448 24
 449 12
 450 22
 451 17
 452 18
 453 3
 454 2
 455 18
 456 24
 457 15
 458 15
 459 20
 460 19
 461 15
 462 2
 463 14
 464 8
 465 18
 466 14
 467 16
 468 20
 469 2
 470 4
 471 5
 472 14
 473 18
 474 17
 475 14
 476 20
 477 9
 478 17
 479 2
 480 6
 481 10
 482 10
 483 18
 484 21
 485 12
 486 6
 487 22
 488 19
 489 2
 490 13
 491 16
 492 21
 493 13
 494 11
 495 8
 496 10
 497 7
 498 4
 499 15
 500 13
 501 17
 502 6
 503 24
 504 17
 505 21
 506 8
 507 18
 508 18
 509 11
 510 21
 511 10
 512 6
 513 5
 514 20
 515 6
 516 1
 517 21
 518 17
 519 7
 520 23
 521 17
 522 20
 523 17
 524 18
 525 24
 526 7
 527 13
 528 17
 529 1
 530 7
 531 3
 532 12
 533 2
 534 21
 535 21
 536 14
 537 18
 538 5
 539 11
 540 16
 541 5
 542 7
 543 2
 544 1
 545 10
 546 14
 547 17
 548 20
 549 20
 550 16
 551 22
 552 9
 553 6
 554 19
 555 6
 556 19
 557 13
 558 20
 559 7
 560 6
 561 3
 562 10
 563 20
 564 21
 565 8
 566 22
 567 2
 568 21
 569 14
 570 2
 571 3
 572 18
 573 17
 574 22
 575 23
 576 5
 577 2
 578 21
 579 6
 580 12
 581 20
 582 10
 583 10
 584 3
 585 20
 586 20
 587 4
 588 10
 589 3
 590 2
 591 17
 592 25
 593 21
 594 20
 595 7
 596 22
 597 24
 598 21
 599 16
 600 25
 601 16
 602 11
 603 5
 604 9
 605 25
 606 4
 607 11
 608 21
 609 20
 610 16
 611 3
 612 22
 613 7
 614 2
 615 11
 616 15
 617 20
 618 3
 619 5
 620 2
 621 16
 622 5
 623 12
 624 15
 625 1
 626 2
 627 11
 628 23
 629 25
 630 11
 631 8
 632 20
 633 12
 634 17
 635 19
 636 10
 637 17
 638 2
 639 21
 640 17
 641 23
 642 2
 643 12
 644 7
 645 24
 646 5
 647 23
 648 18
 649 12
 650 22
 651 13
 652 8
 653 24
 654 18
 655 5
 656 2
 657 19
 658 13
 659 6
 660 15
 661 14
 662 11
 663 11
 664 5
 665 1
 666 11
 667 17
 668 20
 669 21
 670 11
 671 2
 672 14
 673 23
 674 18
 675 2
 676 21
 677 24
 678 21
 679 24
 680 6
 681 3
 682 7
 683 12
 684 1
 685 24
 686 24
 687 3
 688 7
 689 15
 690 12
 691 1
 692 19
 693 9
 694 6
 695 8
 696 3
 697 21
 698 21
 699 17
 700 6
 701 6
 702 14
 703 24
 704 17
 705 9
 706 6
 707 6
 708 25
 709 2
 710 7
 711 20
 712 21
 713 6
 714 6
 715 9
 716 19
 717 11
 718 25
 719 11
 720 7
 721 6
 722 7
 723 21
 724 24
 725 17
 726 12
 727 20
 728 20
 729 15
 730 23
 731 11
 732 24
 733 22
 734 20
 735 15
 736 7
 737 4
 738 14
 739 3
 740 17
 741 11
 742 7
 743 4
 744 11
 745 1
 746 23
 747 4
 748 12
 749 25
 750 11
 751 1
 752 1
 753 9
 754 4
 755 7
 756 6
 757 10
 758 15
 759 20
 760 8
 761 18
 762 7
 763 7
 764 19
 765 4
 766 14
 767 25
 768 9
 769 24
 770 22
 771 17
 772 13
 773 12
 774 11
 775 10
 776 23
 777 5
 778 6
 779 16
 780 21
 781 6
 782 17
 783 9
 784 2
 785 8
 786 24
 787 6
 788 1
 789 22
 790 19
 791 15
 792 19
 793 14
 794 13
 795 2
 796 10
 797 19
 798 16
 799 7
 800 1
 801 10
 802 11
 803 5
 804 10
 805 21
 806 20
 807 21
 808 23
 809 24
 810 1
 811 20
 812 11
 813 15
 814 22
 815 12
 816 12
 817 6
 818 19
 819 15
 820 20
 821 16
 822 7
 823 5
 824 18
 825 7
 826 15
 827 6
 828 22
 829 20
 830 9
 831 12
 832 22
 833 17
 834 18
 835 22
 836 11
 837 23
 838 6
 839 13
 840 5
 841 20
 842 23
 843 25
 844 11
 845 16
 846 9
 847 7
 848 10
 849 10
 850 15
 851 12
 852 19
 853 20
 854 13
 855 9
 856 17
 857 22
 858 12
 859 8
 860 11
 861 9
 862 9
 863 25
 864 4
 865 13
 866 8
 867 11
 868 1
 869 9
 870 15
 871 2
 872 20
 873 23
 874 16
 875 17
 876 13
 877 3
 878 8
 879 14
 880 21
 881 3
 882 20
 883 19
 884 6
 885 5
 886 17
 887 13
 888 17
 889 4
 890 13
 891 5
 892 25
 893 19
 894 14
 895 22
 896 10
 897 7
 898 7
 899 9
 900 5
 901 8
 902 24
 903 4
 904 25
 905 23
 906 4
 907 13
 908 11
 909 22
 910 6
 911 24
 912 2
 913 25
 914 14
 915 6
 916 22
 917 12
 918 10
 919 17
 920 23
 921 13
 922 14
 923 20
 924 2
 925 1
 926 23
 927 22
 928 15
 929 22
 930 11
 931 3
 932 24
 933 4
 934 8
 935 15
 936 15
 937 11
 938 9
 939 4
 940 22
 941 18
 942 11
 943 24
 944 5
 945 8
 946 24
 947 8
 948 18
 949 6
 950 9
 951 6
 952 25
 953 12
 954 8
 955 4
 956 11
 957 19
 958 17
 959 18
 960 9
 961 3
 962 16
 963 22
 964 13
 965 4
 966 2
 967 21
 968 24
 969 13
 970 2
 971 16
 972 18
 973 7
 974 10
 975 23
 976 21
 977 13
 978 6
 979 22
 980 25
 981 11
 982 10
 983 23
 984 7
 985 15
 986 24
 987 3
 988 4
 989 12
 990 9
 991 20
 992 13
 993 15
 994 24
 995 7
 996 24
 997 18
 998 2
 999 5
 1000 8
 1001 23
 1002 9
 1003 18
 1004 10
 1005 17
 1006 2
 1007 17
 1008 17
 1009 8
 1010 24
 1011 23
 1012 6
 1013 13
 1014 15
 1015 3
 1016 12
 1017 22
 1018 1
 1019 23
 1020 23
 1021 8
 1022 22
 1023 15
 1024 17
 1025 10
 1026 18
 1027 9
 1028 2
 1029 16
 1030 16
 1031 18
 1032 5
 1033 9
 1034 18
 1035 1
 1036 25
 1037 6
 1038 16
 1039 25
 1040 16
 1041 10
 1042 20
 1043 18
 1044 14
 1045 2
 1046 12
 1047 7
 1048 1
 1049 10
 1050 10
 1051 3
 1052 17
 1053 16
 1054 25
 1055 22
 1056 15
 1057 11
 1058 9
 1059 1
 1060 16
 1061 13
 1062 20
 1063 15
 1064 2
 1065 3
 1066 15
 1067 6
 1068 22
 1069 3
 1070 5
 1071 6
 1072 2
 1073 15
 1074 9
 1075 18
 1076 20
 1077 5
 1078 5
 1079 21
 1080 22
 1081 6
 1082 22
 1083 13
 1084 4
 1085 3
 1086 9
 1087 21
 1088 7
 1089 7
 1090 9
 1091 12
 1092 6
 1093 21
 1094 25
 1095 8
 1096 18
 1097 8
 1098 2
 1099 15
 1100 17
 1101 9
 1102 22
 1103 6
 1104 15
 1105 16
 1106 5
 1107 20
 1108 13
 1109 17
 1110 13
 1111 14
 1112 2
 1113 20
 1114 18
 1115 14
 1116 8
 1117 18
 1118 5
 1119 6
 1120 11
 1121 13
 1122 22
 1123 14
 1124 25
 1125 19
 1126 1
 1127 21
 1128 13
 1129 10
 1130 22
 1131 21
 1132 18
 1133 14
 1134 3
 1135 18
 1136 3
 1137 9
 1138 11
 1139 19
 1140 5
 1141 21
 1142 18
 1143 9
 1144 2
 1145 19
 1146 13
 1147 17
 1148 25
 1149 25
 1150 10
 1151 21
 1152 22
 1153 20
 1154 6
 1155 4
 1156 13
 1157 19
 1158 7
 1159 21
 1160 11
 1161 14
 1162 21
 1163 20
 1164 8
 1165 8
 1166 20
 1167 20
 1168 21
 1169 19
 1170 12
 1171 22
 1172 17
 1173 2
 1174 3
 1175 21
 1176 9
 1177 7
 1178 3
 1179 15
 1180 4
 1181 4
 1182 16
 1183 22
 1184 14
 1185 10
 1186 7
 1187 9
 1188 22
 1189 10
 1190 19
 1191 21
 1192 13
 1193 6
 1194 3
 1195 24
 1196 4
 1197 1
 1198 2
 1199 25
 1200 25
 1201 5
 1202 10
 1203 15
 1204 5
 1205 10
 1206 13
 1207 9
 1208 8
 1209 25
 1210 4
 1211 20
 1212 15
 1213 1
 1214 15
 1215 16
 1216 16
 1217 7
 1218 24
 1219 7
 1220 7
 1221 21
 1222 12
 1223 25
 1224 21
 1225 17
 1226 2
 1227 17
 1228 17
 1229 19
 1230 12
 1231 21
 1232 6
 1233 4
 1234 5
 1235 17
 1236 13
 1237 11
 1238 9
 1239 7
 1240 22
 1241 25
 1242 19
 1243 1
 1244 7
 1245 7
 1246 8
 1247 15
 1248 20
 1249 15
 1250 23
 1251 17
 1252 22
 1253 8
 1254 11
 1255 4
 1256 14
 1257 2
 1258 17
 1259 17
 1260 12
 1261 12
 1262 9
 1263 11
 1264 25
 1265 18
 1266 9
 1267 1
 1268 3
 1269 11
 1270 8
 1271 23
 1272 7
 1273 17
 1274 25
 1275 15
 1276 2
 1277 11
 1278 18
 1279 18
 1280 22
 1281 1
 1282 15
 1283 11
 1284 11
 1285 4
 1286 14
 1287 4
 1288 24
 1289 25
 1290 12
 1291 5
 1292 11
 1293 12
 1294 4
 1295 9
 1296 14
 1297 13
 1298 13
 1299 17
 1300 13
 1301 8
 1302 17
 1303 2
 1304 7
 1305 21
 1306 9
 1307 15
 1308 15
 1309 24
 1310 1
 1311 1
 1312 16
 1313 3
 1314 18
 1315 5
 1316 25
 1317 2
 1318 21
 1319 24
 1320 21
 1321 20
 1322 12
 1323 5
 1324 11
 1325 9
 1326 17
 1327 13
 1328 14
 1329 3
 1330 4
 1331 24
 1332 11
 1333 10
 1334 8
 1335 7
 1336 17
 1337 5
 1338 19
 1339 3
 1340 5
 1341 7
 1342 5
 1343 2
 1344 18
 1345 8
 1346 3
 1347 16
 1348 4
 1349 25
 1350 20
 1351 20
 1352 9
 1353 12
 1354 21
 1355 12
 1356 18
 1357 4
 1358 4
 1359 4
 1360 10
 1361 10
 1362 14
 1363 2
 1364 21
 1365 8
 1366 6
 1367 17
 1368 9
 1369 23
 1370 25
 1371 21
 1372 24
 1373 6
 1374 22
 1375 4
 1376 17
 1377 18
 1378 6
 1379 1
 1380 10
 1381 5
 1382 11
 1383 8
 1384 22
 1385 11
 1386 19
 1387 2
 1388 19
 1389 21
 1390 3
 1391 4
 1392 24
 1393 16
 1394 14
 1395 21
 1396 10
 1397 16
 1398 21
 1399 9
 1400 20
 1401 20
 1402 11
 1403 19
 1404 20
 1405 23
 1406 5
 1407 10
 1408 16
 1409 10
 1410 12
 1411 13
 1412 8
 1413 10
 1414 15
 1415 21
 1416 4
 1417 21
 1418 12
 1419 21
 1420 4
 1421 7
 1422 21
 1423 23
 1424 2
 1425 22
 1426 8
 1427 21
 1428 9
 1429 17
 1430 11
 1431 20
 1432 12
 1433 21
 1434 19
 1435 1
 1436 2
 1437 1
 1438 24
 1439 7
 1440 1
 1441 2
 1442 13
 1443 18
 1444 22
 1445 25
 1446 2
 1447 16
 1448 5
 1449 7
 1450 13
 1451 2
 1452 10
 1453 9
 1454 3
 1455 22
 1456 17
 1457 6
 1458 11
 1459 11
 1460 4
 1461 1
 1462 24
 1463 17
 1464 20
 1465 22
 1466 3
 1467 4
 1468 12
 1469 4
 1470 18
 1471 14
 1472 3
 1473 20
 1474 6
 1475 2
 1476 15
 1477 14
 1478 22
 1479 8
 1480 25
 1481 4
 1482 1
 1483 9
 1484 1
 1485 2
 1486 23
 1487 7
 1488 6
 1489 18
 1490 17
 1491 3
 1492 10
 1493 16
 1494 9
 1495 5
 1496 21
 1497 3
 1498 16
 1499 18
 1500 21
 1501 6
 1502 11
 1503 8
 1504 7
 1505 25
 1506 11
 1507 18
 1508 8
 1509 19
 1510 6
 1511 25
 1512 22
 1513 16
 1514 17
 1515 19
 1516 25
 1517 5
 1518 3
 1519 8
 1520 2
 1521 22
 1522 13
 1523 1
 1524 1
 1525 24
 1526 13
 1527 2
 1528 14
 1529 3
 1530 22
 1531 8
 1532 6
 1533 3
 1534 23
 1535 4
 1536 17
 1537 2
 1538 3
 1539 17
 1540 12
 1541 2
 1542 4
 1543 22
 1544 21
 1545 2
 1546 19
 1547 10
 1548 5
 1549 22
 1550 10
 1551 5
 1552 24
 1553 18
 1554 4
 1555 20
 1556 6
 1557 25
 1558 10
 1559 8
 1560 13
 1561 1
 1562 9
 1563 23
 1564 11
 1565 12
 1566 19
 1567 22
 1568 18
 1569 10
 1570 18
 1571 8
 1572 18
 1573 16
 1574 6
 1575 4
 1576 3
 1577 25
 1578 4
 1579 25
 1580 16
 1581 4
 1582 25
 1583 12
 1584 11
 1585 21
 1586 17
 1587 13
 1588 10
 1589 11
 1590 12
 1591 17
 1592 5
 1593 4
 1594 19
 1595 15
 1596 19
 1597 21
 1598 16
 1599 23
 1600 15
 1601 5
 1602 5
 1603 22
 1604 6
 1605 11
 1606 25
 1607 2
 1608 22
 1609 7
 1610 10
 1611 21
 1612 18
 1613 14
 1614 16
 1615 12
 1616 16
 1617 11
 1618 4
 1619 6
 1620 13
 1621 12
 1622 21
 1623 2
 1624 10
 1625 18
 1626 24
 1627 2
 1628 15
 1629 14
 1630 15
 1631 4
 1632 22
 1633 15
 1634 13
 1635 19
 1636 2
 1637 21
 1638 18
 1639 9
 1640 4
 1641 5
 1642 13
 1643 19
 1644 20
 1645 16
 1646 21
 1647 23
 1648 25
 1649 3
 1650 19
 1651 18
 1652 1
 1653 4
 1654 4
 1655 12
 1656 2
 1657 20
 1658 6
 1659 2
 1660 14
 1661 12
 1662 12
 1663 1
 1664 10
 1665 10
 1666 3
 1667 14
 1668 1
 1669 1
 1670 16
 1671 8
 1672 17
 1673 3
 1674 24
 1675 19
 1676 14
 1677 20
 1678 17
 1679 11
 1680 4
 1681 11
 1682 17
 1683 9
 1684 1
 1685 9
 1686 22
 1687 13
 1688 16
 1689 21
 1690 16
 1691 25
 1692 5
 1693 20
 1694 16
 1695 7
 1696 18
 1697 21
 1698 17
 1699 16
 1700 11
 1701 8
 1702 9
 1703 21
 1704 11
 1705 1
 1706 5
 1707 22
 1708 7
 1709 2
 1710 7
 1711 4
 1712 12
 1713 24
 1714 15
 1715 22
 1716 23
 1717 13
 1718 15
 1719 3
 1720 15
 1721 4
 1722 8
 1723 2
 1724 6
 1725 1
 1726 4
 1727 9
 1728 4
 1729 17
 1730 4
 1731 18
 1732 8
 1733 8
 1734 12
 1735 12
 1736 21
 1737 7
 1738 3
 1739 21
 1740 6
 1741 17
 1742 15
 1743 14
 1744 16
 1745 12
 1746 1
 1747 16
 1748 6
 1749 9
 1750 18
 1751 4
 1752 24
 1753 14
 1754 24
 1755 13
 1756 3
 1757 12
 1758 10
 1759 2
 1760 15
 1761 1
 1762 16
 1763 24
 1764 4
 1765 3
 1766 7
 1767 6
 1768 11
 1769 5
 1770 13
 1771 15
 1772 19
 1773 11
 1774 6
 1775 24
 1776 15
 1777 9
 1778 15
 1779 24
 1780 15
 1781 6
 1782 4
 1783 25
 1784 2
 1785 25
 1786 4
 1787 10
 1788 8
 1789 23
 1790 2
 1791 2
 1792 18
 1793 16
 1794 12
 1795 12
 1796 20
 1797 16
 1798 14
 1799 7
 1800 12
 1801 2
 1802 2
 1803 7
 1804 19
 1805 24
 1806 12
 1807 9
 1808 22
 1809 15
 1810 14
 1811 16
 1812 14
 1813 2
 1814 21
 1815 6
 1816 9
 1817 9
 1818 6
 1819 24
 1820 20
 1821 8
 1822 22
 1823 10
 1824 24
 1825 15
 1826 4
 1827 16
 1828 4
 1829 23
 1830 18
 1831 5
 1832 4
 1833 10
 1834 1
 1835 23
 1836 8
 1837 8
 1838 21
 1839 15
 1840 13
 1841 10
 1842 7
 1843 25
 1844 7
 1845 20
 1846 9
 1847 7
 1848 17
 1849 3
 1850 7
 1851 8
 1852 21
 1853 18
 1854 19
 1855 17
 1856 2
 1857 15
 1858 15
 1859 10
 1860 24
 1861 5
 1862 9
 1863 10
 1864 2
 1865 25
 1866 5
 1867 13
 1868 4
 1869 3
 1870 1
 1871 1
 1872 8
 1873 11
 1874 9
 1875 13
 1876 13
 1877 7
 1878 4
 1879 14
 1880 10
 1881 11
 1882 18
 1883 19
 1884 5
 1885 12
 1886 4
 1887 7
 1888 20
 1889 19
 1890 20
 1891 21
 1892 3
 1893 3
 1894 13
 1895 3
 1896 14
 1897 11
 1898 19
 1899 21
 1900 21
 1901 8
 1902 20
 1903 4
 1904 7
 1905 1
 1906 11
 1907 25
 1908 1
 1909 2
 1910 17
 1911 2
 1912 6
 1913 1
 1914 3
 1915 2
 1916 7
 1917 1
 1918 21
 1919 17
 1920 13
 1921 13
 1922 1
 1923 14
 1924 19
 1925 7
 1926 2
 1927 10
 1928 2
 1929 17
 1930 24
 1931 14
 1932 12
 1933 5
 1934 11
 1935 16
 1936 17
 1937 7
 1938 20
 1939 1
 1940 20
 1941 14
 1942 22
 1943 2
 1944 11
 1945 8
 1946 3
 1947 2
 1948 2
 1949 20
 1950 15
 1951 19
 1952 8
 1953 25
 1954 23
 1955 10
 1956 13
 1957 10
 1958 9
 1959 1
 1960 4
 1961 9
 1962 6
 1963 5
 1964 15
 1965 18
 1966 20
 1967 15
 1968 4
 1969 22
 1970 20
 1971 16
 1972 8
 1973 12
 1974 1
 1975 4
 1976 5
 1977 20
 1978 15
 1979 10
 1980 19
 1981 1
 1982 11
 1983 23
 1984 2
 1985 14
 1986 19
 1987 2
 1988 9
 1989 4
 1990 19
 1991 17
 1992 22
 1993 11
 1994 20
 1995 20
 1996 21
 1997 11
 1998 20
 1999 23
 2000 13
 2001 17
 2002 19
 2003 23
 2004 3
 2005 5
 2006 25
 2007 14
 2008 12
 2009 14
 2010 21
 2011 3
 2012 5
 2013 6
 2014 24
 2015 6
 2016 23
 2017 17
 2018 7
 2019 9
 2020 9
 2021 15
 2022 13
 2023 1
 2024 14
 2025 6
 2026 14
 2027 2
 2028 12
 2029 5
 2030 24
 2031 4
 2032 9
 2033 24
 2034 18
 2035 9
 2036 5
 2037 17
 2038 3
 2039 2
 2040 10
 2041 4
 2042 16
 2043 8
 2044 9
 2045 12
 2046 22
 2047 20
 2048 7
 2049 5
 2050 20
 2051 21
 2052 6
 2053 6
 2054 6
 2055 4
 2056 12
 2057 10
 2058 15
 2059 6
 2060 18
 2061 17
 2062 14
 2063 21
 2064 10
 2065 11
 2066 25
 2067 12
 2068 10
 2069 17
 2070 15
 2071 24
 2072 6
 2073 16
 2074 2
 2075 13
 2076 8
 2077 18
 2078 14
 2079 22
 2080 23
 2081 15
 2082 19
 2083 22
 2084 11
 2085 23
 2086 3
 2087 1
 2088 20
 2089 6
 2090 17
 2091 2
 2092 9
 2093 20
 2094 24
 2095 14
 2096 6
 2097 7
 2098 18
 2099 20
 2100 19
 2101 24
 2102 24
 2103 9
 2104 24
 2105 9
 2106 5
 2107 5
 2108 5
 2109 2
 2110 21
 2111 19
 2112 16
 2113 19
 2114 24
 2115 19
 2116 25
 2117 20
 2118 25
 2119 2
 2120 14
 2121 19
 2122 18
 2123 9
 2124 17
 2125 5
 2126 17
 2127 18
 2128 2
 2129 7
 2130 2
 2131 5
 2132 15
 2133 20
 2134 23
 2135 17
 2136 22
 2137 3
 2138 16
 2139 7
 2140 10
 2141 15
 2142 7
 2143 20
 2144 15
 2145 11
 2146 9
 2147 2
 2148 14
 2149 6
 2150 25
 2151 2
 2152 23
 2153 14
 2154 6
 2155 23
 2156 18
 2157 19
 2158 3
 2159 21
 2160 2
 2161 22
 2162 10
 2163 22
 2164 5
 2165 8
 2166 19
 2167 4
 2168 17
 2169 4
 2170 5
 2171 3
 2172 8
 2173 11
 2174 17
 2175 12
 2176 19
 2177 7
 2178 20
 2179 11
 2180 17
 2181 7
 2182 11
 2183 17
 2184 7
 2185 2
 2186 19
 2187 18
 2188 4
 2189 11
 2190 8
 2191 14
 2192 3
 2193 23
 2194 19
 2195 18
 2196 21
 2197 7
 2198 23
 2199 12
 2200 21
 2201 18
 2202 8
 2203 2
 2204 9
 2205 25
 2206 10
 2207 12
 2208 9
 2209 20
 2210 11
 2211 15
 2212 12
 2213 14
 2214 14
 2215 13
 2216 7
 2217 25
 2218 7
 2219 25
 2220 13
 2221 14
 2222 17
 2223 15
 2224 17
 2225 18
 2226 24
 2227 9
 2228 5
 2229 1
 2230 8
 2231 14
 2232 15
 2233 12
 2234 12
 2235 15
 2236 14
 2237 2
 2238 21
 2239 23
 2240 25
 2241 17
 2242 24
 2243 19
 2244 19
 2245 2
 2246 2
 2247 1
 2248 15
 2249 8
 2250 25
 2251 22
 2252 2
 2253 25
 2254 19
 2255 7
 2256 19
 2257 20
 2258 18
 2259 15
 2260 7
 2261 4
 2262 15
 2263 13
 2264 17
 2265 18
 2266 3
 2267 12
 2268 23
 2269 16
 2270 21
 2271 20
 2272 11
 2273 15
 2274 20
 2275 11
 2276 3
 2277 16
 2278 23
 2279 23
 2280 13
 2281 19
 2282 11
 2283 16
 2284 7
 2285 16
 2286 8
 2287 7
 2288 2
 2289 19
 2290 2
 2291 9
 2292 3
 2293 18
 2294 17
 2295 20
 2296 25
 2297 19
 2298 1
 2299 13
 2300 1
 2301 24
 2302 25
 2303 8
 2304 25
 2305 12
 2306 16
 2307 6
 2308 10
 2309 17
 2310 4
 2311 7
 2312 22
 2313 7
 2314 10
 2315 13
 2316 21
 2317 20
 2318 23
 2319 15
 2320 12
 2321 4
 2322 25
 2323 25
 2324 17
 2325 1
 2326 12
 2327 6
 2328 3
 2329 9
 2330 14
 2331 13
 2332 16
 2333 1
 2334 22
 2335 24
 2336 19
 2337 4
 2338 13
 2339 17
 2340 22
 2341 15
 2342 11
 2343 14
 2344 6
 2345 18
 2346 18
 2347 4
 2348 10
 2349 9
 2350 16
 2351 20
 2352 11
 2353 13
 2354 23
 2355 5
 2356 22
 2357 6
 2358 12
 2359 4
 2360 17
 2361 25
 2362 19
 2363 22
 2364 3
 2365 24
 2366 3
 2367 17
 2368 22
 2369 16
 2370 2
 2371 6
 2372 1
 2373 5
 2374 16
 2375 16
 2376 10
 2377 18
 2378 4
 2379 10
 2380 14
 2381 15
 2382 13
 2383 6
 2384 24
 2385 19
 2386 6
 2387 7
 2388 9
 2389 22
 2390 19
 2391 13
 2392 10
 2393 15
 2394 16
 2395 4
 2396 8
 2397 5
 2398 15
 2399 19
 2400 18
 2401 6
 2402 20
 2403 22
 2404 16
 2405 22
 2406 8
 2407 11
 2408 14
 2409 22
 2410 11
 2411 4
 2412 12
 2413 12
 2414 15
 2415 18
 2416 19
 2417 23
 2418 20
 2419 17
 2420 10
 2421 24
 2422 12
 2423 7
 2424 9
 2425 4
 2426 20
 2427 19
 2428 8
 2429 6
 2430 2
 2431 18
 2432 13
 2433 3
 2434 13
 2435 1
 2436 14
 2437 9
 2438 22
 2439 20
 2440 6
 2441 10
 2442 2
 2443 18
 2444 19
 2445 19
 2446 16
 2447 23
 2448 17
 2449 17
 2450 2
 2451 20
 2452 14
 2453 25
 2454 12
 2455 19
 2456 5
 2457 18
 2458 20
 2459 11
 2460 11
 2461 12
 2462 9
 2463 18
 2464 13
 2465 22
 2466 7
 2467 1
 2468 8
 2469 22
 2470 7
 2471 3
 2472 11
 2473 7
 2474 20
 2475 25
 2476 8
 2477 25
 2478 24
 2479 2
 2480 12
 2481 19
 2482 4
 2483 24
 2484 14
 2485 2
 2486 4
 2487 9
 2488 25
 2489 15
 2490 14
 2491 9
 2492 14
 2493 5
 2494 8
 2495 9
 2496 7
 2497 14
 2498 16
 2499 21
 2500 24
DEPOT_SECTION
 1
 -1
EOF
