NAME : A-n3000-k700
COMMENT : (Generated, No of trucks: 700, Optimal value: Unknown)
TYPE : CVRP
DIMENSION : 3000
EDGE_WEIGHT_TYPE : EUC_2D
CAPACITY : 100
NODE_COORD_SECTION
 1 663 9665
 2 1141 1256
 3 3548 5423
 4 7861 8174
 5 3517 8457
 6 2713 7068
 7 8803 4109
 8 2061 3154
 9 7750 8148
 10 4798 5952
 11 6356 4735
 12 3290 6910
 13 6334 1881
 14 1092 2893
 15 5209 2648
 16 4072 7584
 17 7805 4750
 18 8110 2175
 19 7854 4405
 20 7288 9264
 21 2289 3151
 22 4224 4107
 23 2341 3766
 24 9429 7117
 25 1115 9433
 26 4992 3075
 27 8510 1925
 28 6100 3405
 29 1331 1497
 30 9634 3275
 31 6744 1797
 32 5112 3735
 33 4251 297
 34 1721 7979
 35 3284 3478
 36 9472 3682
 37 1332 1259
 38 3693 7025
 39 2875 9681
 40 3665 89
 41 8241 1327
 42 6266 7517
 43 4869 3825
 44 7687 6787
 45 3877 2001
 46 9067 9645
 47 5862 1803
 48 4246 8631
 49 359 160
 50 1125 5931
 51 8783 1235
 52 5293 5909
 53 4741 938
 54 3948 3614
 55 1955 6958
 56 6382 6601
 57 3333 8637
 58 5260 4648
 59 7964 9277
 60 9589 7240
 61 1100 8983
 62 1493 8521
 63 3654 3542
 64 8595 9695
 65 6039 3669
 66 619 3212
 67 2535 2116
 68 5714 6823
 69 3361 5952
 70 7129 2272
 71 2853 2151
 72 7901 4852
 73 4999 6095
 74 4005 2400
 75 2128 6512
 76 7000 1907
 77 3198 4426
 78 8898 5802
 79 4518 752
 80 3754 9300
 81 3763 6806
 82 9480 5960
 83 3506 6071
 84 5877 1663
 85 7947 8624
 86 9465 3414
 87 5467 1724
 88 7782 2125
 89 7225 8483
 90 7179 9138
 91 32 6019
 92 6916 3663
 93 1018 4070
 94 1853 9322
 95 4627 2719
 96 107 1300
 97 1635 3219
 98 1219 2260
 99 2512 2043
 100 3655 5881
 101 7963 818
 102 3696 1229
 103 8512 7097
 104 9611 4749
 105 3283 8515
 106 1435 3016
 107 7356 6173
 108 4453 7373
 109 1496 4633
 110 9597 1721
 111 2281 1245
 112 4152 3715
 113 5022 8004
 114 6673 4278
 115 5483 7707
 116 5143 937
 117 3628 8646
 118 2758 2480
 119 4783 9738
 120 6360 4836
 121 1493 7365
 122 1440 1274
 123 5488 6026
 124 9636 979
 125 1909 7452
 126 8636 494
 127 1612 7608
 128 8336 4632
 129 9617 2671
 130 498 5878
 131 9877 1662
 132 6120 7314
 133 1531 4346
 134 6487 3928
 135 181 4804
 136 8870 2566
 137 2439 8008
 138 8306 2146
 139 2512 8656
 140 9049 79
 141 2670 3277
 142 7098 9617
 143 3218 85
 144 9043 8165
 145 4147 2623
 146 9335 5138
 147 5875 6082
 148 3067 3755
 149 9835 2643
 150 4647 4364
 151 4696 6801
 152 7165 1268
 153 5359 647
 154 8088 4698
 155 5699 10
 156 1601 5794
 157 8072 7835
 158 2205 7522
 159 1651 6449
 160 1521 7440
 161 4799 2289
 162 1399 5332
 163 5015 5147
 164 8112 5621
 165 4409 9648
 166 2197 2341
 167 9936 2219
 168 1438 7894
 169 7861 4395
 170 5710 7694
 171 473 2061
 172 992 6835
 173 2166 6026
 174 6223 582
 175 4785 4535
 176 7249 904
 177 2514 5096
 178 3993 1917
 179 2558 4286
 180 3741 4217
 181 2852 5061
 182 2070 3784
 183 1823 426
 184 4722 4408
 185 2232 3114
 186 5751 3826
 187 116 6805
 188 6821 9210
 189 5286 6298
 190 6782 6265
 191 5212 1949
 192 2333 290
 193 8406 8979
 194 6114 7460
 195 194 1059
 196 573 3826
 197 7512 1494
 198 1560 2832
 199 4739 1467
 200 1127 1665
 201 3075 5595
 202 5076 8510
 203 8864 4595
 204 8349 6375
 205 7152 9962
 206 4345 2708
 207 167 6574
 208 3003 4714
 209 5687 2216
 210 6329 9607
 211 3697 7366
 212 3390 394
 213 8699 6119
 214 8883 1502
 215 8330 9254
 216 4002 3598
 217 5879 7898
 218 5085 4919
 219 1442 5809
 220 2651 7509
 221 4273 6817
 222 2966 6931
 223 3780 4676
 224 1461 7583
 225 1858 3616
 226 6359 2473
 227 1218 3013
 228 5928 2733
 229 2096 9591
 230 7998 4666
 231 2306 3790
 232 6168 4968
 233 5315 6641
 234 9254 208
 235 2229 2178
 236 1314 3162
 237 6567 4891
 238 5497 1209
 239 7654 289
 240 7977 423
 241 5526 8115
 242 169 8531
 243 4869 7741
 244 3959 88
 245 9224 4505
 246 8281 1697
 247 9446 142
 248 7940 3988
 249 2966 5128
 250 1234 153
 251 5302 3730
 252 9682 1316
 253 7548 3733
 254 5862 717
 255 7960 1985
 256 8183 5404
 257 9859 1636
 258 3657 7290
 259 1880 2007
 260 8474 2601
 261 1560 1316
 262 8868 7633
 263 824 1669
 264 1647 5022
 265 9799 622
 266 1299 3281
 267 3694 396
 268 1034 2556
 269 6818 6200
 270 5491 2429
 271 6945 4206
 272 3634 5420
 273 4489 7320
 274 3376 2125
 275 1942 8620
 276 7853 7150
 277 164 7160
 278 9286 5669
 279 9760 6119
 280 1548 4822
 281 133 9194
 282 5264 8073
 283 6663 6768
 284 570 4165
 285 1244 8712
 286 4060 8357
 287 1611 5884
 288 8578 6469
 289 409 993
 290 1300 3511
 291 1150 8973
 292 558 908
 293 9797 246
 294 2727 7554
 295 6709 9646
 296 5945 2073
 297 9967 5242
 298 9517 1490
 299 6791 1240
 300 1244 1650
 301 4904 3224
 302 9444 6325
 303 5314 7242
 304 7668 9191
 305 7833 7827
 306 5712 4955
 307 5912 5102
 308 9057 4705
 309 4864 3471
 310 6984 7221
 311 7354 1775
 312 1051 178
 313 8656 2248
 314 2136 1329
 315 4381 1794
 316 5843 8813
 317 9126 4349
 318 2333 6508
 319 168 892
 320 7598 5288
 321 4891 5354
 322 5106 7784
 323 6643 3805
 324 8967 1239
 325 2748 8433
 326 1498 1231
 327 552 2935
 328 3110 6690
 329 7435 3059
 330 7337 5735
 331 1939 3268
 332 8564 7095
 333 2174 3700
 334 9586 6866
 335 8591 1017
 336 855 3101
 337 2939 5321
 338 631 5596
 339 9961 2260
 340 6676 1183
 341 1130 8977
 342 9558 3414
 343 178 1920
 344 4190 2332
 345 5036 8575
 346 4244 7318
 347 636 175
 348 7265 492
 349 2762 8722
 350 836 6369
 351 2829 8422
 352 3820 4111
 353 622 9398
 354 7384 9409
 355 9034 7521
 356 1451 650
 357 2874 5341
 358 5933 9249
 359 3150 9595
 360 9319 1398
 361 7869 639
 362 5841 8019
 363 899 3775
 364 4026 6068
 365 1490 5408
 366 7150 7936
 367 3256 295
 368 4655 2271
 369 1194 9564
 370 4156 2048
 371 7160 1733
 372 4474 4905
 373 1843 3947
 374 3898 8558
 375 8631 6011
 376 2909 7308
 377 2823 3688
 378 4996 7250
 379 3459 5662
 380 2903 139
 381 973 5328
 382 4889 5693
 383 1592 3442
 384 4013 1984
 385 973 1713
 386 550 6783
 387 1365 8370
 388 7237 5962
 389 5081 5679
 390 5336 6193
 391 6052 4338
 392 4221 476
 393 9216 1116
 394 1315 6969
 395 7929 7227
 396 7208 793
 397 8268 7993
 398 1708 7292
 399 3496 3364
 400 7913 9497
 401 6262 4096
 402 1068 2603
 403 4845 4259
 404 7655 3026
 405 4219 6146
 406 2451 547
 407 3661 4602
 408 2904 6570
 409 4899 2755
 410 5470 2144
 411 284 6819
 412 629 9439
 413 1244 7382
 414 6193 9194
 415 5924 8433
 416 5008 1388
 417 9513 178
 418 5335 3923
 419 8725 5877
 420 5909 526
 421 9718 7749
 422 8205 2677
 423 5999 3754
 424 4616 4480
 425 1376 7346
 426 5234 1181
 427 7810 5456
 428 1406 4916
 429 7449 9272
 430 8336 729
 431 6682 8202
 432 5691 4888
 433 6289 6346
 434 6060 2915
 435 7704 8538
 436 6147 535
 437 2505 3621
 438 451 7776
 439 4034 3256
 440 4739 6876
 441 6730 3595
 442 4038 3854
 443 1574 779
 444 9390 5179
 445 5769 7221
 446 6295 1677
 447 6810 8013
 448 2305 2209
 449 4927 3263
 450 9727 6698
 451 3903 6660
 452 4199 4298
 453 8580 4503
 454 1266 6338
 455 574 7188
 456 1935 7427
 457 6670 5273
 458 3459 8894
 459 2289 5184
 460 4564 6599
 461 9622 1405
 462 4246 1665
 463 2825 8701
 464 3604 9839
 465 4157 2224
 466 4465 7668
 467 8495 8488
 468 5931 9507
 469 4581 7132
 470 9813 2360
 471 6693 8830
 472 9966 6063
 473 7254 9056
 474 1877 9041
 475 9602 9817
 476 541 6951
 477 4002 1586
 478 8448 760
 479 4282 7566
 480 4074 6842
 481 7609 3100
 482 9421 1231
 483 4554 2051
 484 471 3240
 485 4446 2301
 486 9384 1073
 487 3414 9095
 488 8101 3274
 489 790 2659
 490 1966 3679
 491 5645 9187
 492 4335 8019
 493 8114 6737
 494 4727 1654
 495 846 8643
 496 6454 4716
 497 8310 8771
 498 3609 6024
 499 6548 4659
 500 9372 7035
 501 209 1438
 502 522 7097
 503 8207 8184
 504 3185 4984
 505 2822 1059
 506 2546 4306
 507 5189 6819
 508 6626 9804
 509 8849 4567
 510 7032 8697
 511 4570 5563
 512 2024 2283
 513 1829 2768
 514 8582 5708
 515 7073 9338
 516 4138 2213
 517 6241 9252
 518 4417 8810
 519 7399 7530
 520 8981 337
 521 9362 1388
 522 7390 9339
 523 2069 1276
 524 2641 3891
 525 172 4788
 526 3342 4383
 527 827 5097
 528 7998 4687
 529 303 5772
 530 7788 1935
 531 6769 2726
 532 4766 2659
 533 6703 2479
 534 5353 1171
 535 8224 725
 536 7096 1920
 537 8947 1195
 538 8548 2680
 539 8511 7866
 540 1121 4251
 541 4443 6912
 542 9915 3236
 543 7992 5385
 544 1307 9654
 545 9005 4160
 546 4818 120
 547 7671 441
 548 838 5190
 549 3863 1067
 550 7102 6073
 551 4645 3184
 552 4970 2932
 553 9084 745
 554 3705 9085
 555 492 7569
 556 9797 1782
 557 4536 6728
 558 5356 9104
 559 1452 8732
 560 3577 4441
 561 2086 2045
 562 2032 4420
 563 9977 9234
 564 7775 9677
 565 8357 9686
 566 719 5806
 567 6035 5967
 568 9873 26
 569 9735 8161
 570 9815 4678
 571 5192 5223
 572 4088 6937
 573 6198 8327
 574 6518 7499
 575 8244 2638
 576 7707 4705
 577 6294 1412
 578 6897 7205
 579 740 8459
 580 6687 3578
 581 1044 3779
 582 6272 4918
 583 4496 4433
 584 7096 3052
 585 8060 8163
 586 1540 8419
 587 3685 4791
 588 2474 5665
 589 1115 3718
 590 712 8467
 591 8308 6461
 592 5401 9005
 593 2250 563
 594 722 69
 595 2532 2667
 596 7911 4581
 597 3020 722
 598 2930 3787
 599 5564 8893
 600 1843 9009
 601 7053 1549
 602 1855 9506
 603 6497 8610
 604 8371 2014
 605 6445 8714
 606 5592 6000
 607 68 7549
 608 8047 912
 609 4775 915
 610 7967 2627
 611 6470 9079
 612 3440 9431
 613 9942 599
 614 1797 9614
 615 2861 5811
 616 4211 2370
 617 6226 6533
 618 6803 9462
 619 4113 4904
 620 7731 1462
 621 8341 9418
 622 9009 8285
 623 1363 7635
 624 7849 707
 625 3227 2679
 626 6984 5992
 627 214 3804
 628 9862 3865
 629 2500 6692
 630 3412 4644
 631 1520 7378
 632 4819 4193
 633 9900 5253
 634 705 8034
 635 3091 9920
 636 8040 4591
 637 5759 9273
 638 4411 169
 639 4493 2895
 640 570 3807
 641 9406 1313
 642 6182 1702
 643 2106 1765
 644 9104 7490
 645 545 1353
 646 702 5735
 647 770 7163
 648 4363 3420
 649 9876 7528
 650 4809 9102
 651 1157 9936
 652 3102 7653
 653 7438 2889
 654 3341 5993
 655 5750 7054
 656 29 9075
 657 692 5857
 658 183 8893
 659 9018 4229
 660 2668 7879
 661 3559 1530
 662 8813 3983
 663 2727 3558
 664 562 7381
 665 7120 9611
 666 1852 78
 667 999 7036
 668 4070 9138
 669 7275 2427
 670 243 5427
 671 8583 8060
 672 2021 4814
 673 5573 6723
 674 9065 2768
 675 6572 2607
 676 3029 1276
 677 9483 4690
 678 2448 2151
 679 5855 1211
 680 7713 4578
 681 8613 9658
 682 553 5054
 683 6639 904
 684 5850 3440
 685 8217 7330
 686 3118 8461
 687 8863 1095
 688 9148 6574
 689 6846 7560
 690 249 3995
 691 671 5033
 692 4790 5444
 693 3981 8474
 694 1183 8517
 695 4484 8432
 696 4211 906
 697 6084 5385
 698 3080 3692
 699 2153 6084
 700 9004 3871
 701 2235 7898
 702 5848 8647
 703 6309 5951
 704 4635 5891
 705 9530 3867
 706 7140 7713
 707 5732 3783
 708 9613 1240
 709 6959 2529
 710 5964 7491
 711 3098 1285
 712 69 2611
 713 4043 9139
 714 3770 1483
 715 5267 5920
 716 9770 3175
 717 8853 7936
 718 6955 1041
 719 4748 8068
 720 9532 5461
 721 1996 5462
 722 9236 3190
 723 1804 2454
 724 1473 3349
 725 619 2289
 726 3361 8086
 727 1478 3832
 728 9680 7506
 729 419 4737
 730 3543 252
 731 7627 7162
 732 9366 7949
 733 172 5392
 734 411 4548
 735 8913 1763
 736 9041 9730
 737 488 9536
 738 5978 5256
 739 8148 6031
 740 8825 2553
 741 180 297
 742 7422 4757
 743 4146 9389
 744 2635 350
 745 4046 7387
 746 0 9254
 747 2653 3889
 748 5551 7103
 749 8808 4700
 750 3497 7174
 751 6301 3745
 752 8568 782
 753 4005 2142
 754 9898 7821
 755 7990 7929
 756 1437 3846
 757 8737 5365
 758 4517 6398
 759 921 5313
 760 8549 1588
 761 9804 729
 762 3079 399
 763 6598 5838
 764 6997 5385
 765 2731 9268
 766 5995 8774
 767 6028 4376
 768 3275 7876
 769 9916 5439
 770 7970 156
 771 2546 749
 772 3254 9956
 773 1926 6645
 774 4021 3273
 775 4552 6193
 776 83 7811
 777 4375 2502
 778 7152 1106
 779 3720 1310
 780 2316 7312
 781 9033 9597
 782 7161 8277
 783 4584 6310
 784 7154 3235
 785 3098 2956
 786 7238 2918
 787 8517 1690
 788 7003 6886
 789 7017 7492
 790 4069 78
 791 9655 2695
 792 7353 1988
 793 3885 2720
 794 8679 9249
 795 5038 5556
 796 8835 2879
 797 3335 2043
 798 4996 3052
 799 1219 3742
 800 273 9339
 801 2647 931
 802 9401 1891
 803 9518 5725
 804 9859 8957
 805 3539 4838
 806 4607 8233
 807 3596 6155
 808 8601 3490
 809 2063 8198
 810 7069 8451
 811 4069 2955
 812 2834 8869
 813 9029 1714
 814 4230 8692
 815 6221 736
 816 5510 7716
 817 2333 7204
 818 7261 670
 819 7604 5842
 820 9082 5029
 821 8379 3568
 822 6522 8887
 823 3117 2241
 824 4668 4361
 825 8163 5263
 826 669 5951
 827 7295 9355
 828 9321 3501
 829 2243 8321
 830 3647 210
 831 7609 1864
 832 5298 3133
 833 2048 7792
 834 8378 1592
 835 9118 2566
 836 9421 283
 837 2192 6860
 838 396 3360
 839 879 6900
 840 5000 4449
 841 6753 9673
 842 7633 8374
 843 5031 5971
 844 9298 3411
 845 6571 681
 846 8588 4160
 847 1285 7457
 848 3203 4789
 849 9303 7631
 850 836 5302
 851 5439 5290
 852 5911 5785
 853 7918 643
 854 2122 6943
 855 4216 2481
 856 3173 4601
 857 1372 8403
 858 6761 3165
 859 1898 3771
 860 9351 2468
 861 6569 704
 862 6600 1738
 863 8562 3102
 864 8411 9045
 865 4416 8059
 866 4430 9170
 867 3680 2563
 868 4089 9311
 869 3683 7121
 870 2344 81
 871 3285 5917
 872 8398 8599
 873 6593 5916
 874 7483 6293
 875 9798 8640
 876 4146 4437
 877 3893 6879
 878 1234 1913
 879 783 5718
 880 8833 1266
 881 8086 651
 882 3971 8588
 883 8054 9871
 884 3602 8246
 885 1813 5468
 886 3456 5099
 887 6614 1468
 888 4917 3499
 889 2987 750
 890 4953 8729
 891 813 5329
 892 6373 3823
 893 9981 9489
 894 7433 2016
 895 6975 1689
 896 1033 606
 897 9968 3794
 898 7393 8832
 899 2489 3828
 900 8349 8686
 901 9513 3946
 902 514 9229
 903 9350 7741
 904 9287 6656
 905 5106 5720
 906 9952 3590
 907 4033 892
 908 7016 8932
 909 2925 307
 910 2613 3397
 911 4056 8593
 912 7830 9494
 913 8003 7382
 914 931 886
 915 1877 4414
 916 5264 8553
 917 2383 6412
 918 1382 9754
 919 2737 9763
 920 3496 4559
 921 7012 4301
 922 5534 6968
 923 4614 8920
 924 4719 1516
 925 9316 7958
 926 8408 3837
 927 5902 9728
 928 9445 9380
 929 8967 1611
 930 7817 9227
 931 6474 2647
 932 4644 1075
 933 2050 9288
 934 5557 6024
 935 9727 3544
 936 2311 9308
 937 3135 5241
 938 6794 870
 939 551 981
 940 2074 4787
 941 950 112
 942 5552 2711
 943 9278 2032
 944 8814 3841
 945 3878 7089
 946 1552 9179
 947 665 6981
 948 3122 5383
 949 2773 8985
 950 5154 2498
 951 8876 7898
 952 983 1858
 953 3220 2159
 954 1469 122
 955 8573 8956
 956 5606 6080
 957 7627 3307
 958 2174 8205
 959 2802 4400
 960 4631 1023
 961 996 8821
 962 7982 2612
 963 142 6368
 964 5806 2180
 965 201 6629
 966 6461 1074
 967 8656 945
 968 1372 7324
 969 4619 4647
 970 5029 1295
 971 2039 2862
 972 812 6455
 973 8290 3225
 974 5689 8468
 975 1668 2052
 976 488 1727
 977 6081 9531
 978 5854 4071
 979 7515 8272
 980 3147 6506
 981 9276 2652
 982 2275 3702
 983 1688 7028
 984 109 1558
 985 1545 5305
 986 232 7159
 987 9498 8610
 988 7014 2205
 989 1535 589
 990 996 8948
 991 42 1736
 992 1177 9885
 993 6491 8994
 994 24 4110
 995 2291 4816
 996 3483 2315
 997 7958 3544
 998 882 3753
 999 3413 4374
 1000 4400 2961
 1001 5012 4807
 1002 6604 9353
 1003 1076 1020
 1004 4262 3884
 1005 6325 2495
 1006 7403 5336
 1007 4338 7932
 1008 9267 1156
 1009 9082 5112
 1010 2163 1717
 1011 5853 2604
 1012 9746 8485
 1013 3532 846
 1014 6339 1373
 1015 4999 9530
 1016 381 9597
 1017 1247 6599
 1018 3516 2998
 1019 9358 8021
 1020 8009 96
 1021 4758 7406
 1022 249 8839
 1023 8195 439
 1024 8744 6819
 1025 6164 188
 1026 1346 2167
 1027 5955 7831
 1028 4159 2405
 1029 4274 3813
 1030 2553 4896
 1031 3512 7607
 1032 1257 7595
 1033 6952 4388
 1034 6022 4799
 1035 4834 6149
 1036 8293 1305
 1037 3956 6030
 1038 4047 3754
 1039 9949 4887
 1040 1407 5084
 1041 2615 3850
 1042 5104 95
 1043 1029 3670
 1044 4903 3623
 1045 5312 7334
 1046 5109 688
 1047 2631 50
 1048 2276 7947
 1049 3228 2571
 1050 201 1244
 1051 1783 9413
 1052 957 8572
 1053 6272 2929
 1054 7946 3586
 1055 2304 915
 1056 9578 3724
 1057 4449 842
 1058 5869 7692
 1059 7970 4690
 1060 4863 3408
 1061 2940 4199
 1062 9121 7207
 1063 3597 2973
 1064 6782 1814
 1065 2495 4210
 1066 315 6318
 1067 2047 6254
 1068 1254 4093
 1069 6988 2859
 1070 2199 3023
 1071 1410 4424
 1072 9788 7546
 1073 370 6352
 1074 9086 8782
 1075 7863 390
 1076 7681 5566
 1077 4678 4681
 1078 3578 6738
 1079 2493 664
 1080 8758 3038
 1081 7483 1242
 1082 274 4679
 1083 3580 2486
 1084 9767 9920
 1085 7665 9977
 1086 5031 4464
 1087 7487 6232
 1088 7780 2038
 1089 1020 9317
 1090 2365 7708
 1091 6345 7360
 1092 8848 1190
 1093 3090 5508
 1094 8091 9085
 1095 102 5472
 1096 8742 874
 1097 8318 3096
 1098 6900 3507
 1099 2047 1288
 1100 7789 9531
 1101 7145 3517
 1102 6107 1145
 1103 1184 1520
 1104 9472 6340
 1105 812 6777
 1106 5009 9186
 1107 8423 3851
 1108 5733 4843
 1109 7459 4241
 1110 6780 5699
 1111 2655 5941
 1112 4046 1523
 1113 6950 5120
 1114 4021 5977
 1115 4932 6252
 1116 3766 1358
 1117 6719 345
 1118 9 4362
 1119 8078 9570
 1120 3741 8655
 1121 2857 3492
 1122 308 1259
 1123 7052 8214
 1124 6675 7183
 1125 645 5579
 1126 2622 2248
 1127 7643 9519
 1128 8705 1621
 1129 6102 7419
 1130 7641 9884
 1131 727 795
 1132 9276 9063
 1133 3081 6457
 1134 4817 3866
 1135 1339 960
 1136 4930 815
 1137 866 2043
 1138 5350 7802
 1139 6391 4320
 1140 3315 8410
 1141 9660 7766
 1142 1064 5007
 1143 2381 8478
 1144 5295 1097
 1145 7595 3033
 1146 5949 7063
 1147 9271 314
 1148 9142 8683
 1149 2331 7042
 1150 7863 8141
 1151 1464 7011
 1152 300 4677
 1153 6957 7574
 1154 2822 716
 1155 5022 3777
 1156 221 3869
 1157 5703 203
 1158 6828 2208
 1159 6806 1634
 1160 8137 5001
 1161 5596 3874
 1162 7929 1083
 1163 3373 819
 1164 262 8979
 1165 6850 3041
 1166 9092 337
 1167 523 6716
 1168 6817 2566
 1169 5573 9609
 1170 5021 619
 1171 9736 5309
 1172 7146 5357
 1173 8969 484
 1174 7443 8994
 1175 2344 1069
 1176 3647 6973
 1177 4867 6820
 1178 8577 290
 1179 4144 494
 1180 3809 3320
 1181 1873 2215
 1182 7319 3948
 1183 4594 1717
 1184 5315 976
 1185 3692 7622
 1186 6401 4509
 1187 2304 621
 1188 1255 4713
 1189 5125 1727
 1190 1165 2641
 1191 4425 2011
 1192 3382 3563
 1193 2701 400
 1194 6858 5040
 1195 3586 6683
 1196 9708 8985
 1197 1227 4360
 1198 6925 3552
 1199 8737 8094
 1200 6994 2728
 1201 9809 5171
 1202 7041 7941
 1203 8361 4614
 1204 1592 5271
 1205 7171 6554
 1206 525 8403
 1207 1188 3320
 1208 619 8284
 1209 7368 256
 1210 2759 3345
 1211 389 3141
 1212 2686 8692
 1213 5310 5853
 1214 2219 6909
 1215 689 4544
 1216 7491 8216
 1217 5810 3963
 1218 3383 2298
 1219 7414 9673
 1220 3198 5273
 1221 1754 1467
 1222 2339 8382
 1223 3356 9131
 1224 9991 4397
 1225 9492 7747
 1226 9019 6039
 1227 8619 6034
 1228 3220 336
 1229 8235 4894
 1230 7606 809
 1231 5900 4499
 1232 977 3772
 1233 1254 3155
 1234 8224 8312
 1235 8532 3518
 1236 464 5864
 1237 5438 994
 1238 2790 3129
 1239 1714 6358
 1240 264 4426
 1241 6607 8774
 1242 6311 2773
 1243 7466 98
 1244 5782 6349
 1245 8795 455
 1246 8843 5837
 1247 7606 4653
 1248 825 422
 1249 5638 8816
 1250 2185 1755
 1251 1768 3203
 1252 8941 8540
 1253 8924 6956
 1254 3238 4186
 1255 8285 568
 1256 7880 7321
 1257 40 1528
 1258 7382 8223
 1259 3630 7364
 1260 9429 4734
 1261 658 8933
 1262 1782 3471
 1263 935 477
 1264 7039 3269
 1265 197 906
 1266 6392 9798
 1267 5168 521
 1268 5810 1664
 1269 4840 7492
 1270 3161 1860
 1271 7254 6169
 1272 4361 4543
 1273 100 8428
 1274 2780 6646
 1275 9980 1811
 1276 5828 7574
 1277 3368 4529
 1278 9052 2235
 1279 8198 3806
 1280 9361 2771
 1281 4588 6897
 1282 1388 5877
 1283 7945 720
 1284 4697 5876
 1285 1468 1262
 1286 9795 1202
 1287 7256 3921
 1288 8982 8924
 1289 3086 2745
 1290 4609 8540
 1291 986 7676
 1292 550 6890
 1293 8343 2353
 1294 1044 6815
 1295 6486 5750
 1296 6150 9171
 1297 4740 295
 1298 4939 1791
 1299 8301 7094
 1300 5707 2539
 1301 6424 6146
 1302 2086 8662
 1303 3421 9382
 1304 7096 577
 1305 7844 7895
 1306 1162 7886
 1307 5229 1252
 1308 9174 8118
 1309 2662 4362
 1310 7862 6331
 1311 9810 9809
 1312 7062 9471
 1313 2570 1353
 1314 5861 8150
 1315 7041 6362
 1316 444 5790
 1317 3317 6521
 1318 8481 1208
 1319 4972 6107
 1320 5078 7629
 1321 8464 6660
 1322 8017 2490
 1323 2787 7394
 1324 8165 8807
 1325 6008 9212
 1326 1192 3104
 1327 3946 854
 1328 8341 8925
 1329 6025 861
 1330 4802 1914
 1331 9398 4428
 1332 8358 1416
 1333 3226 4978
 1334 8085 494
 1335 1568 9487
 1336 3245 760
 1337 3990 2620
 1338 6264 5294
 1339 9277 2462
 1340 3054 8855
 1341 9555 4913
 1342 34 173
 1343 6899 6903
 1344 2273 4379
 1345 2883 4037
 1346 2710 1074
 1347 4894 9648
 1348 3652 9436
 1349 5991 838
 1350 6061 5298
 1351 5708 6651
 1352 6382 82
 1353 7708 4082
 1354 8198 6961
 1355 9085 1417
 1356 9080 893
 1357 7325 1938
 1358 2221 535
 1359 7900 8199
 1360 8731 1350
 1361 2098 5084
 1362 5559 9375
 1363 9146 5524
 1364 3364 9687
 1365 452 1167
 1366 6190 4784
 1367 8993 1437
 1368 4057 5609
 1369 9400 3133
 1370 8083 385
 1371 8171 3368
 1372 3688 7279
 1373 6253 3985
 1374 7017 6694
 1375 104 1379
 1376 3562 2704
 1377 2112 4313
 1378 9060 6283
 1379 4589 30
 1380 6533 1769
 1381 3756 9508
 1382 9601 1757
 1383 5132 1428
 1384 7225 7074
 1385 4904 9537
 1386 4803 8661
 1387 5801 2411
 1388 8917 360
 1389 6797 8561
 1390 6426 9184
 1391 6748 6418
 1392 1102 1376
 1393 5288 7296
 1394 2242 5246
 1395 2302 474
 1396 7603 839
 1397 2827 2246
 1398 1218 400
 1399 4276 6548
 1400 1955 2151
 1401 8366 2872
 1402 9852 4384
 1403 5467 1857
 1404 6500 7288
 1405 7836 385
 1406 2119 6287
 1407 237 4175
 1408 2292 5029
 1409 9445 3357
 1410 3043 1491
 1411 749 6437
 1412 5842 8764
 1413 3828 9371
 1414 4004 8657
 1415 19 9516
 1416 3351 8344
 1417 3305 812
 1418 3776 8703
 1419 9663 3348
 1420 3934 8355
 1421 812 420
 1422 1785 7026
 1423 3907 5969
 1424 2771 9089
 1425 8504 1040
 1426 2480 9405
 1427 5008 4427
 1428 3654 5460
 1429 9179 7067
 1430 3907 418
 1431 6646 3722
 1432 4437 2819
 1433 3599 8669
 1434 7786 962
 1435 9188 7048
 1436 2321 341
 1437 707 5872
 1438 4269 4022
 1439 6979 5400
 1440 3322 2666
 1441 8498 81
 1442 8313 7843
 1443 7054 7783
 1444 245 5878
 1445 84 8063
 1446 9088 6389
 1447 7672 5188
 1448 6283 3555
 1449 871 5238
 1450 646 6099
 1451 5051 8913
 1452 5579 2383
 1453 7605 5023
 1454 8048 5271
 1455 8555 8334
 1456 3060 9823
 1457 2052 9944
 1458 860 5926
 1459 6338 5644
 1460 7213 7114
 1461 8252 6383
 1462 7291 3507
 1463 3561 9492
 1464 317 5278
 1465 133 7103
 1466 1376 9459
 1467 1666 8942
 1468 2136 779
 1469 6168 1799
 1470 3487 7000
 1471 5473 2947
 1472 6591 9999
 1473 9490 5672
 1474 3692 8676
 1475 7780 6019
 1476 6614 5793
 1477 7014 3484
 1478 9664 131
 1479 3606 8919
 1480 9007 3257
 1481 542 1873
 1482 3543 1214
 1483 3401 2540
 1484 4795 8165
 1485 7358 4971
 1486 5535 1912
 1487 8926 8331
 1488 4378 1922
 1489 1271 9705
 1490 1828 1035
 1491 4663 1302
 1492 612 4396
 1493 964 4031
 1494 3454 9496
 1495 654 3494
 1496 8314 6330
 1497 2611 8827
 1498 1816 7346
 1499 3025 3560
 1500 9451 1597
 1501 1687 4733
 1502 4970 6807
 1503 3456 2051
 1504 1791 1777
 1505 2520 6352
 1506 6880 1045
 1507 4698 703
 1508 3140 8651
 1509 8914 3704
 1510 8745 4793
 1511 7929 4765
 1512 2481 4577
 1513 8581 9416
 1514 8901 5657
 1515 2715 1166
 1516 6229 952
 1517 1702 9120
 1518 9403 2797
 1519 9031 4074
 1520 7445 9000
 1521 7731 3852
 1522 8885 2747
 1523 4082 381
 1524 9862 4146
 1525 8858 7696
 1526 9196 5436
 1527 8980 8055
 1528 4010 792
 1529 1703 8966
 1530 9251 9311
 1531 1231 607
 1532 6278 1063
 1533 9738 4470
 1534 1524 4355
 1535 4157 956
 1536 6589 5559
 1537 696 4374
 1538 4321 1855
 1539 7808 3040
 1540 5395 5036
 1541 8274 1819
 1542 5909 4245
 1543 6978 9396
 1544 1525 6625
 1545 9573 1265
 1546 3037 1132
 1547 1979 9975
 1548 4233 1316
 1549 7450 5098
 1550 3844 980
 1551 9463 8060
 1552 1752 9534
 1553 7817 3103
 1554 2375 9642
 1555 9486 3782
 1556 3886 2349
 1557 7357 566
 1558 2078 4818
 1559 6958 4849
 1560 1983 6007
 1561 7894 1486
 1562 5886 3063
 1563 5935 5337
 1564 3472 7991
 1565 4137 1507
 1566 7970 1221
 1567 2878 3299
 1568 6537 3001
 1569 6116 547
 1570 1657 3637
 1571 4428 2047
 1572 7274 8795
 1573 7964 4758
 1574 2400 2243
 1575 2021 5066
 1576 8106 8789
 1577 9121 7316
 1578 6663 5502
 1579 1233 9984
 1580 6205 5166
 1581 6935 514
 1582 8226 543
 1583 516 4469
 1584 282 2034
 1585 262 4326
 1586 2598 7739
 1587 4860 7145
 1588 5628 7998
 1589 689 447
 1590 3166 9693
 1591 1428 5791
 1592 2858 3143
 1593 758 3505
 1594 6493 6690
 1595 5500 1497
 1596 6436 9276
 1597 967 2461
 1598 2481 6182
 1599 6766 894
 1600 5534 2042
 1601 1747 6916
 1602 7792 9250
 1603 4222 3708
 1604 434 7138
 1605 9392 7044
 1606 7341 5058
 1607 3009 6648
 1608 5785 8296
 1609 9853 4355
 1610 4069 9041
 1611 9352 1333
 1612 2621 813
 1613 4067 9455
 1614 6931 5043
 1615 1130 6260
 1616 2515 3085
 1617 9703 5653
 1618 110 2023
 1619 5270 8647
 1620 2656 6574
 1621 3618 4804
 1622 2077 5728
 1623 8109 3207
 1624 5836 7297
 1625 4468 6246
 1626 6784 8325
 1627 5607 3204
 1628 842 825
 1629 2476 375
 1630 2922 7714
 1631 3561 9237
 1632 2214 3554
 1633 2535 1413
 1634 3301 7783
 1635 9530 9300
 1636 9724 4818
 1637 7095 4340
 1638 5976 3781
 1639 5150 2872
 1640 5841 9047
 1641 2076 2075
 1642 439 4226
 1643 2485 6256
 1644 6342 9077
 1645 908 9016
 1646 8981 8856
 1647 7785 6089
 1648 1052 2113
 1649 7442 8544
 1650 8800 7971
 1651 4934 6385
 1652 915 1923
 1653 4575 2588
 1654 6222 2756
 1655 3519 8505
 1656 2754 2724
 1657 5224 104
 1658 2544 8909
 1659 3230 622
 1660 5263 1586
 1661 8865 9299
 1662 7958 2481
 1663 6788 7886
 1664 3679 6972
 1665 6077 4900
 1666 2697 6350
 1667 1724 4300
 1668 2727 2035
 1669 7494 9773
 1670 2092 6053
 1671 737 6977
 1672 2148 4218
 1673 4598 7616
 1674 2664 7035
 1675 5193 4168
 1676 371 24
 1677 3267 4992
 1678 2149 3516
 1679 6418 1140
 1680 6948 3590
 1681 7463 3392
 1682 5602 9344
 1683 1009 9454
 1684 9834 6690
 1685 4346 1788
 1686 8995 5599
 1687 9325 4578
 1688 4827 4558
 1689 579 6787
 1690 2995 1521
 1691 9675 1926
 1692 1774 1558
 1693 3419 6422
 1694 5058 1129
 1695 5626 8236
 1696 9509 2415
 1697 2140 8927
 1698 9061 2526
 1699 7102 1519
 1700 8023 4406
 1701 5905 5173
 1702 8901 6834
 1703 7071 9598
 1704 4146 2865
 1705 3709 3066
 1706 3778 4501
 1707 9061 3887
 1708 6133 9883
 1709 4355 7559
 1710 8354 7241
 1711 933 7426
 1712 976 3437
 1713 1411 7804
 1714 4831 7294
 1715 7352 196
 1716 6776 925
 1717 8563 2732
 1718 333 8211
 1719 4011 2663
 1720 9790 7387
 1721 9729 5395
 1722 8757 4720
 1723 7859 4398
 1724 8814 52
 1725 3014 5479
 1726 4642 2846
 1727 5105 6546
 1728 6786 1306
 1729 1340 6733
 1730 795 8177
 1731 9472 6011
 1732 7059 5517
 1733 6383 6575
 1734 950 9627
 1735 977 4198
 1736 5834 7018
 1737 5170 6123
 1738 6552 8332
 1739 6290 5829
 1740 3504 4117
 1741 8503 2953
 1742 6198 418
 1743 1778 9753
 1744 7540 5226
 1745 9028 2606
 1746 1681 9856
 1747 4890 1435
 1748 5164 4186
 1749 3345 6657
 1750 4961 353
 1751 3150 9847
 1752 670 7030
 1753 5935 6646
 1754 1356 465
 1755 1081 9439
 1756 5053 5409
 1757 3776 8432
 1758 4327 754
 1759 1393 7631
 1760 9963 9984
 1761 1641 8607
 1762 5083 7871
 1763 4014 8244
 1764 2193 6242
 1765 9920 1670
 1766 774 4171
 1767 8287 6746
 1768 9178 7919
 1769 3424 3919
 1770 8307 1067
 1771 4632 5878
 1772 9316 4788
 1773 7155 1266
 1774 545 8121
 1775 1669 1030
 1776 9356 5453
 1777 2464 987
 1778 2615 25
 1779 7136 410
 1780 7594 4292
 1781 9267 8560
 1782 630 8689
 1783 250 7213
 1784 5129 2429
 1785 1491 8977
 1786 7101 2337
 1787 6269 8826
 1788 3525 7603
 1789 1304 2572
 1790 7878 8215
 1791 9659 7694
 1792 1958 3449
 1793 6361 7821
 1794 2752 9249
 1795 3887 8112
 1796 3313 6880
 1797 3641 4505
 1798 8221 555
 1799 1455 4748
 1800 8607 7194
 1801 6560 4110
 1802 4443 7180
 1803 9012 4854
 1804 9827 3757
 1805 7904 7287
 1806 6387 8600
 1807 2288 1920
 1808 5452 3612
 1809 4959 8534
 1810 8672 9532
 1811 479 3609
 1812 7421 4858
 1813 8174 6447
 1814 3726 4256
 1815 9434 8355
 1816 2401 3194
 1817 2820 6338
 1818 672 5091
 1819 6788 6804
 1820 1182 1217
 1821 2122 248
 1822 3320 5007
 1823 6465 8996
 1824 5371 1021
 1825 3438 9632
 1826 2245 1223
 1827 3183 8820
 1828 4817 4817
 1829 8630 7425
 1830 6134 3685
 1831 4468 3606
 1832 4188 5605
 1833 4344 2111
 1834 4735 5531
 1835 8640 9257
 1836 7644 7094
 1837 9046 8049
 1838 5814 7702
 1839 7821 319
 1840 8042 3192
 1841 2287 6947
 1842 778 4979
 1843 6647 906
 1844 2615 1024
 1845 2496 3968
 1846 6977 7999
 1847 9445 2734
 1848 682 1758
 1849 9643 9316
 1850 2277 1072
 1851 3726 2215
 1852 2925 3539
 1853 8282 1943
 1854 9885 783
 1855 2520 7193
 1856 3237 9992
 1857 1696 9984
 1858 8289 2639
 1859 9103 4467
 1860 6912 1138
 1861 2472 2990
 1862 7448 8378
 1863 8993 8160
 1864 1336 9293
 1865 1225 6544
 1866 9395 9124
 1867 694 5602
 1868 9169 5951
 1869 5771 8453
 1870 9674 7627
 1871 6627 3288
 1872 8243 8139
 1873 3779 335
 1874 8930 1009
 1875 6540 2582
 1876 3319 4433
 1877 1866 5225
 1878 402 8699
 1879 4087 5317
 1880 6883 4194
 1881 8402 5765
 1882 7685 9895
 1883 528 6824
 1884 2421 7001
 1885 6971 6845
 1886 4686 6451
 1887 8537 1379
 1888 128 937
 1889 1750 1166
 1890 1160 4776
 1891 7455 1759
 1892 9436 1900
 1893 8468 3072
 1894 1733 511
 1895 8836 8574
 1896 1737 4188
 1897 971 8190
 1898 4801 6580
 1899 3783 2714
 1900 1722 7689
 1901 1020 4994
 1902 1547 9179
 1903 572 6018
 1904 115 2735
 1905 7543 3069
 1906 3752 1197
 1907 4436 8691
 1908 6758 1026
 1909 1424 9678
 1910 7553 6270
 1911 6285 2134
 1912 1351 8611
 1913 3640 5508
 1914 4082 2300
 1915 1773 8113
 1916 5413 2182
 1917 3038 4639
 1918 2568 6419
 1919 2822 2729
 1920 2351 7335
 1921 2514 5533
 1922 6628 7020
 1923 3332 5116
 1924 8716 4417
 1925 5870 7213
 1926 5906 9619
 1927 9830 8021
 1928 8140 9153
 1929 2815 3996
 1930 7036 1757
 1931 7815 4018
 1932 3307 7834
 1933 8329 3017
 1934 3164 506
 1935 8331 1385
 1936 6735 8029
 1937 9793 324
 1938 3751 2133
 1939 7865 5414
 1940 9871 8354
 1941 2781 9587
 1942 5461 4919
 1943 1090 2716
 1944 1187 5286
 1945 9387 3634
 1946 0 2718
 1947 8800 4437
 1948 2662 5264
 1949 4107 177
 1950 8828 7875
 1951 8262 5898
 1952 5327 1244
 1953 3464 7915
 1954 3436 4630
 1955 2678 1388
 1956 5487 3194
 1957 1639 4756
 1958 3168 6291
 1959 3201 3457
 1960 1927 5634
 1961 8195 4484
 1962 6232 7416
 1963 2397 1935
 1964 2622 4939
 1965 9505 4355
 1966 54 1836
 1967 7505 5539
 1968 4499 6817
 1969 3841 6374
 1970 2254 2325
 1971 9733 9674
 1972 4097 2632
 1973 59 9365
 1974 3713 6129
 1975 4674 9393
 1976 2713 6603
 1977 9240 7933
 1978 7931 2646
 1979 6832 8775
 1980 636 6784
 1981 4163 3907
 1982 9307 9611
 1983 8288 9952
 1984 4173 8901
 1985 429 2756
 1986 9816 6209
 1987 7424 4485
 1988 9107 3440
 1989 8786 6063
 1990 4629 460
 1991 8210 6947
 1992 1812 5646
 1993 4026 3618
 1994 8390 815
 1995 6459 260
 1996 839 4971
 1997 216 6987
 1998 763 6930
 1999 712 5259
 2000 7971 4137
 2001 9428 6325
 2002 8724 6087
 2003 6586 5695
 2004 6524 7690
 2005 4020 5182
 2006 1214 3793
 2007 488 2202
 2008 1870 5788
 2009 9983 2831
 2010 9236 6733
 2011 7869 4816
 2012 8775 1290
 2013 6953 6152
 2014 6997 8366
 2015 6798 8741
 2016 3350 5058
 2017 6238 9841
 2018 4413 8663
 2019 1988 2765
 2020 4146 8439
 2021 2648 6738
 2022 2718 7377
 2023 5933 1286
 2024 9434 255
 2025 877 2911
 2026 7860 9843
 2027 9232 5686
 2028 8494 2682
 2029 9324 5957
 2030 6628 9219
 2031 7762 5196
 2032 212 5994
 2033 2353 3282
 2034 2706 5184
 2035 4156 5502
 2036 7462 7323
 2037 1140 2990
 2038 1868 526
 2039 3902 6091
 2040 9721 735
 2041 9228 9335
 2042 6834 7824
 2043 2425 8122
 2044 892 1703
 2045 1577 1827
 2046 5136 4235
 2047 2229 6256
 2048 8066 2009
 2049 1311 6297
 2050 2705 710
 2051 6162 4183
 2052 4348 4758
 2053 5474 805
 2054 7683 2787
 2055 5785 903
 2056 9133 6115
 2057 9687 180
 2058 2871 3490
 2059 5338 1012
 2060 7776 4852
 2061 6603 8362
 2062 1583 9408
 2063 3781 2335
 2064 9130 3299
 2065 864 2565
 2066 626 1061
 2067 9492 5749
 2068 4217 6344
 2069 334 1676
 2070 5983 7933
 2071 1483 7706
 2072 3400 8413
 2073 3324 182
 2074 1211 8990
 2075 7298 4005
 2076 4012 1488
 2077 6474 4919
 2078 3894 6779
 2079 2134 2766
 2080 3535 244
 2081 3838 5346
 2082 3154 7377
 2083 2894 7337
 2084 2844 516
 2085 7887 4628
 2086 8587 2786
 2087 1245 9021
 2088 8920 4727
 2089 5236 7201
 2090 9167 5731
 2091 6900 7965
 2092 9158 2632
 2093 498 6517
 2094 8968 8786
 2095 2810 3206
 2096 4433 4986
 2097 9973 9179
 2098 8179 9369
 2099 6886 548
 2100 3694 5684
 2101 1764 8833
 2102 885 5374
 2103 3963 7869
 2104 1954 8517
 2105 1010 8801
 2106 9965 4076
 2107 7842 2783
 2108 6612 3929
 2109 9168 6371
 2110 4830 3125
 2111 5274 2460
 2112 9167 4790
 2113 2554 665
 2114 5811 6291
 2115 2500 5216
 2116 5713 5653
 2117 4217 2229
 2118 8396 8177
 2119 9053 1948
 2120 34 9136
 2121 8152 5365
 2122 5615 1609
 2123 5654 6344
 2124 439 9235
 2125 4628 6105
 2126 3999 8372
 2127 3967 8086
 2128 3915 3086
 2129 965 6290
 2130 1394 1703
 2131 3985 512
 2132 4290 9889
 2133 6608 7534
 2134 7393 1187
 2135 9139 3563
 2136 1709 1556
 2137 9018 567
 2138 5078 7783
 2139 2259 5029
 2140 8528 3418
 2141 8287 2147
 2142 8496 8093
 2143 2745 4193
 2144 1039 1579
 2145 119 6385
 2146 4927 0
 2147 1976 5689
 2148 9161 9180
 2149 950 5999
 2150 5544 7732
 2151 1384 8239
 2152 1986 9027
 2153 7102 8928
 2154 8465 2526
 2155 3690 925
 2156 2255 8015
 2157 9350 5701
 2158 1614 9612
 2159 9064 4029
 2160 7162 7248
 2161 7118 1564
 2162 468 8767
 2163 1262 906
 2164 9134 5819
 2165 6015 1563
 2166 4143 7112
 2167 8860 1765
 2168 5940 5679
 2169 81 34
 2170 1227 6817
 2171 8307 4088
 2172 534 2011
 2173 4714 9435
 2174 3238 3412
 2175 289 5944
 2176 4522 8237
 2177 6486 1837
 2178 6898 5631
 2179 3518 8482
 2180 4914 4655
 2181 5141 5986
 2182 9882 9955
 2183 3027 1878
 2184 5737 6817
 2185 3285 8148
 2186 9029 6028
 2187 7834 4767
 2188 9459 9190
 2189 1805 4390
 2190 4943 3015
 2191 656 2189
 2192 9380 6312
 2193 3425 2048
 2194 4596 1497
 2195 4659 9032
 2196 5957 5204
 2197 3316 3570
 2198 5795 8164
 2199 3933 3245
 2200 9640 2789
 2201 6326 5776
 2202 8758 8901
 2203 7295 5714
 2204 4469 6794
 2205 5460 560
 2206 1781 2228
 2207 9022 3981
 2208 1802 2151
 2209 2996 2407
 2210 1029 2888
 2211 5049 7809
 2212 1988 3792
 2213 7769 1004
 2214 4295 7197
 2215 407 8795
 2216 8655 1690
 2217 377 9365
 2218 9494 7770
 2219 47 3856
 2220 5975 4743
 2221 3068 1398
 2222 1535 8938
 2223 4186 2614
 2224 8519 1050
 2225 7134 7098
 2226 7908 2071
 2227 4270 7690
 2228 2366 5181
 2229 5846 6561
 2230 2229 3449
 2231 5124 4463
 2232 404 7065
 2233 4401 2325
 2234 4772 8675
 2235 6766 6560
 2236 4136 1813
 2237 4497 7124
 2238 9851 3426
 2239 8504 3400
 2240 8431 7239
 2241 4666 6797
 2242 5201 5254
 2243 2967 6968
 2244 4554 6699
 2245 5745 4229
 2246 7355 5277
 2247 3702 9704
 2248 2887 5475
 2249 7020 9604
 2250 6799 8337
 2251 3820 3150
 2252 5621 6
 2253 6068 780
 2254 9071 4782
 2255 8762 2536
 2256 9009 9653
 2257 9333 1168
 2258 2394 4437
 2259 1975 9827
 2260 1818 1623
 2261 6020 3270
 2262 8914 9433
 2263 8079 3288
 2264 2712 5179
 2265 1082 9705
 2266 9783 648
 2267 6833 8004
 2268 7433 7646
 2269 4016 7987
 2270 4500 4256
 2271 5595 7104
 2272 2407 3684
 2273 1268 9779
 2274 425 4615
 2275 8872 3803
 2276 3453 2486
 2277 1666 7294
 2278 8798 2416
 2279 4914 2344
 2280 2771 5481
 2281 6188 2135
 2282 5745 507
 2283 2039 5401
 2284 7220 124
 2285 6117 3675
 2286 9815 9862
 2287 3612 3333
 2288 3385 4278
 2289 7747 9546
 2290 5909 5326
 2291 8639 8751
 2292 9913 3151
 2293 7866 3818
 2294 3032 9688
 2295 2093 4977
 2296 1337 2367
 2297 7158 1597
 2298 527 3421
 2299 3463 6296
 2300 969 125
 2301 8930 5839
 2302 9384 41
 2303 8792 8839
 2304 2398 8495
 2305 7959 4803
 2306 7768 1255
 2307 8924 4849
 2308 4389 406
 2309 9 4449
 2310 2888 2699
 2311 867 9074
 2312 2666 288
 2313 5779 4819
 2314 4246 4833
 2315 201 881
 2316 1648 2545
 2317 4709 6911
 2318 8351 4476
 2319 306 7146
 2320 5484 8951
 2321 6585 9024
 2322 2175 5942
 2323 4988 1481
 2324 9214 4646
 2325 8085 1810
 2326 2336 5684
 2327 6689 8001
 2328 5341 3247
 2329 5591 6712
 2330 8540 695
 2331 5286 3353
 2332 9691 647
 2333 6504 9155
 2334 6210 2442
 2335 2557 1347
 2336 856 9077
 2337 4023 8060
 2338 4622 9325
 2339 8047 9286
 2340 5489 6256
 2341 6244 3759
 2342 601 7611
 2343 2909 2283
 2344 2429 6905
 2345 1487 2763
 2346 593 4465
 2347 1450 8907
 2348 459 6253
 2349 7345 9452
 2350 7420 6144
 2351 554 5782
 2352 5674 1508
 2353 9909 7795
 2354 3871 9866
 2355 6459 5256
 2356 1630 766
 2357 4313 8348
 2358 5812 5061
 2359 4169 1064
 2360 5924 5886
 2361 4238 246
 2362 1263 6519
 2363 9476 8530
 2364 8594 5660
 2365 5162 1139
 2366 2193 9857
 2367 3264 182
 2368 2608 7416
 2369 7874 5341
 2370 1803 4673
 2371 2448 8411
 2372 4883 3327
 2373 3693 4183
 2374 2093 7527
 2375 5115 7069
 2376 5691 2145
 2377 6038 6407
 2378 7340 9772
 2379 9373 1242
 2380 9618 3388
 2381 8233 2526
 2382 2179 4130
 2383 5109 9556
 2384 28 7426
 2385 6734 7708
 2386 862 3117
 2387 1382 5879
 2388 5897 2165
 2389 1867 3713
 2390 1616 9287
 2391 5464 4473
 2392 4153 7276
 2393 6989 1937
 2394 7774 2295
 2395 4578 7121
 2396 2499 9580
 2397 8517 7565
 2398 8525 3694
 2399 2615 8592
 2400 7302 9795
 2401 1561 4255
 2402 9578 3185
 2403 3727 6809
 2404 9038 1846
 2405 9210 1711
 2406 3384 3591
 2407 8878 463
 2408 8052 8427
 2409 6095 6182
 2410 1313 1420
 2411 2254 3474
 2412 9606 680
 2413 6312 9003
 2414 1748 4401
 2415 9533 2016
 2416 1141 3147
 2417 916 8191
 2418 1679 3404
 2419 1657 6643
 2420 3565 227
 2421 895 5826
 2422 54 4168
 2423 1448 6319
 2424 5550 1534
 2425 9621 82
 2426 7528 4073
 2427 6571 9546
 2428 945 2538
 2429 4751 6497
 2430 7865 4566
 2431 7481 2552
 2432 860 6237
 2433 9664 9970
 2434 3988 8061
 2435 6365 2241
 2436 2278 4004
 2437 9687 9488
 2438 1101 1286
 2439 7862 5596
 2440 6527 3772
 2441 5545 792
 2442 4440 1029
 2443 2690 2664
 2444 9168 1294
 2445 1899 4021
 2446 9355 7060
 2447 7112 7927
 2448 4501 3315
 2449 4122 5401
 2450 7018 7520
 2451 7714 895
 2452 1214 8307
 2453 7408 8201
 2454 6064 9790
 2455 3544 7044
 2456 6637 3151
 2457 1265 8123
 2458 2749 7066
 2459 7468 585
 2460 8279 5294
 2461 9867 5557
 2462 3024 3664
 2463 6635 6960
 2464 664 2945
 2465 491 2036
 2466 1946 658
 2467 9084 6853
 2468 6925 7686
 2469 1932 3526
 2470 4788 4697
 2471 844 3211
 2472 288 1217
 2473 4908 5901
 2474 2118 5124
 2475 8703 4557
 2476 9192 2608
 2477 781 6999
 2478 5513 2362
 2479 5380 6934
 2480 8150 3495
 2481 1605 7883
 2482 3626 7720
 2483 6024 6487
 2484 634 4783
 2485 5314 3224
 2486 2202 9697
 2487 4680 2161
 2488 9349 9003
 2489 466 2839
 2490 4597 1418
 2491 575 8131
 2492 6602 4040
 2493 3080 5774
 2494 9304 330
 2495 365 8690
 2496 8010 998
 2497 3599 5974
 2498 2325 3894
 2499 6906 8864
 2500 2069 7825
 2501 3770 3598
 2502 4217 2136
 2503 5985 3327
 2504 1437 2515
 2505 5167 7354
 2506 6566 154
 2507 3771 7284
 2508 4794 1166
 2509 7509 2149
 2510 2498 8664
 2511 9429 9981
 2512 6449 6686
 2513 7312 5911
 2514 5235 172
 2515 3003 2730
 2516 1630 7551
 2517 9329 4693
 2518 5558 9232
 2519 3334 6748
 2520 5519 5559
 2521 4288 6052
 2522 8119 7179
 2523 6796 7183
 2524 4983 7914
 2525 8248 2356
 2526 2037 3733
 2527 3361 8386
 2528 8683 8811
 2529 3974 6775
 2530 810 3566
 2531 7001 7668
 2532 7521 2354
 2533 9664 6551
 2534 6415 2569
 2535 2263 3817
 2536 6624 2154
 2537 5872 9463
 2538 5974 1375
 2539 9805 2161
 2540 3917 9077
 2541 8432 7347
 2542 29 6938
 2543 3602 1701
 2544 9251 3927
 2545 5305 237
 2546 4115 2315
 2547 6178 1931
 2548 6809 9552
 2549 1104 3189
 2550 4698 1720
 2551 6630 4269
 2552 3020 5897
 2553 4436 1142
 2554 9328 9687
 2555 2731 2910
 2556 5630 914
 2557 5248 2867
 2558 1900 5699
 2559 3224 9466
 2560 8054 74
 2561 839 1107
 2562 2879 327
 2563 1394 4961
 2564 6345 2984
 2565 1631 5763
 2566 3110 832
 2567 7288 4298
 2568 3217 3887
 2569 268 3724
 2570 7706 9762
 2571 7497 1779
 2572 9851 4700
 2573 8821 6920
 2574 5252 5446
 2575 5405 3828
 2576 3935 5289
 2577 8217 5297
 2578 5469 5601
 2579 327 4616
 2580 7734 7282
 2581 1551 1165
 2582 5798 8106
 2583 9547 4657
 2584 3909 224
 2585 34 1176
 2586 4177 2047
 2587 3275 6734
 2588 3562 5970
 2589 2638 1476
 2590 9529 4274
 2591 7660 7504
 2592 5513 7100
 2593 7293 5678
 2594 9557 7139
 2595 2947 9414
 2596 7155 975
 2597 8692 1487
 2598 3705 2209
 2599 5658 9034
 2600 2116 828
 2601 9460 8731
 2602 4999 706
 2603 4607 104
 2604 8173 6704
 2605 5197 1879
 2606 6905 4509
 2607 5921 1350
 2608 759 6640
 2609 9787 3164
 2610 4497 8375
 2611 5152 1605
 2612 5536 4000
 2613 2352 3786
 2614 8719 5343
 2615 2907 9821
 2616 4728 6330
 2617 4520 9091
 2618 5761 3046
 2619 24 8215
 2620 2955 6233
 2621 8760 2526
 2622 87 4364
 2623 9696 8857
 2624 5051 3559
 2625 6401 3276
 2626 7303 7401
 2627 1884 6305
 2628 486 2835
 2629 2270 7530
 2630 164 857
 2631 2001 1490
 2632 2311 8250
 2633 9753 3709
 2634 6141 3367
 2635 8287 7520
 2636 7214 4114
 2637 904 7175
 2638 4040 9751
 2639 8077 9133
 2640 3137 1194
 2641 1392 9574
 2642 8711 1453
 2643 8238 6325
 2644 5610 1380
 2645 4384 3105
 2646 1790 6674
 2647 1948 1915
 2648 4359 2370
 2649 7389 2674
 2650 7159 6059
 2651 2347 3264
 2652 8137 7618
 2653 5168 5752
 2654 7964 9407
 2655 9902 3479
 2656 6407 132
 2657 9916 519
 2658 1667 5211
 2659 3951 3324
 2660 5858 6950
 2661 1065 7046
 2662 8392 6141
 2663 8285 7361
 2664 3332 609
 2665 5594 1105
 2666 5889 8608
 2667 3747 2284
 2668 6669 7979
 2669 2686 3058
 2670 2032 2596
 2671 5505 654
 2672 7215 9781
 2673 6764 3188
 2674 3046 7870
 2675 8610 5733
 2676 5259 2337
 2677 5799 6567
 2678 2826 1746
 2679 192 7500
 2680 7161 120
 2681 8864 6836
 2682 9681 6871
 2683 7772 3085
 2684 9524 7020
 2685 5312 8472
 2686 2103 7834
 2687 5346 6763
 2688 1659 2329
 2689 9684 2618
 2690 502 6216
 2691 108 4484
 2692 8856 2491
 2693 8542 3507
 2694 5741 5619
 2695 8531 553
 2696 4411 7123
 2697 1680 4188
 2698 3502 3393
 2699 2302 4860
 2700 4017 5247
 2701 6114 7689
 2702 6291 4215
 2703 725 1711
 2704 8158 8778
 2705 1850 2573
 2706 2232 9430
 2707 6629 8184
 2708 9665 552
 2709 4350 8405
 2710 4322 3922
 2711 1411 3164
 2712 5224 2366
 2713 9085 5799
 2714 7361 7513
 2715 5343 5145
 2716 6775 9753
 2717 3230 4900
 2718 6793 1271
 2719 7366 6366
 2720 8049 7233
 2721 8780 862
 2722 2683 1220
 2723 5106 9466
 2724 3769 6017
 2725 5429 3643
 2726 2289 551
 2727 554 9200
 2728 5604 8666
 2729 3930 2718
 2730 3529 2093
 2731 6071 4066
 2732 9988 6584
 2733 9426 7508
 2734 1003 3210
 2735 5136 8689
 2736 3914 6078
 2737 6195 4338
 2738 768 8667
 2739 4863 4227
 2740 381 5113
 2741 7693 5849
 2742 6560 8681
 2743 721 8082
 2744 4957 7314
 2745 906 1148
 2746 5845 2789
 2747 1687 1568
 2748 2414 6516
 2749 7674 7295
 2750 2687 4940
 2751 8996 6919
 2752 3232 7444
 2753 5474 9796
 2754 972 2371
 2755 2736 3899
 2756 5434 7430
 2757 6896 9411
 2758 9136 29
 2759 8920 1554
 2760 3524 9787
 2761 5546 1664
 2762 2436 5437
 2763 5191 4654
 2764 3215 8292
 2765 5596 1185
 2766 1333 6669
 2767 9608 2232
 2768 1730 3783
 2769 6606 6654
 2770 2574 2626
 2771 7326 5600
 2772 9057 6249
 2773 3841 4683
 2774 8492 4570
 2775 8040 7622
 2776 1086 2455
 2777 8773 481
 2778 4965 3
 2779 7036 980
 2780 5313 5557
 2781 480 4987
 2782 495 4092
 2783 5107 5913
 2784 5173 7192
 2785 6255 3537
 2786 622 9321
 2787 605 6887
 2788 8503 3756
 2789 3517 9477
 2790 157 2726
 2791 2775 2589
 2792 5987 3873
 2793 196 1587
 2794 9472 4659
 2795 8560 8961
 2796 6265 2093
 2797 3359 5941
 2798 5579 6224
 2799 7361 1993
 2800 9726 9262
 2801 9556 4987
 2802 3971 5772
 2803 6913 8594
 2804 6269 7942
 2805 671 4805
 2806 5569 9998
 2807 7072 1422
 2808 2079 5599
 2809 8843 3538
 2810 4117 5317
 2811 1343 908
 2812 6869 8033
 2813 5921 8337
 2814 8052 1302
 2815 3899 262
 2816 509 2226
 2817 9631 6294
 2818 756 7300
 2819 4343 7893
 2820 8475 2541
 2821 5654 72
 2822 8856 9296
 2823 2768 8553
 2824 5378 942
 2825 6897 8261
 2826 7579 7172
 2827 3948 8049
 2828 4258 1732
 2829 8991 4446
 2830 3722 3316
 2831 6982 7469
 2832 9487 7730
 2833 6017 6933
 2834 9279 7694
 2835 6646 6484
 2836 1953 745
 2837 2885 7237
 2838 6783 3440
 2839 5338 9961
 2840 5267 4137
 2841 8139 1137
 2842 3352 8259
 2843 6925 9722
 2844 4970 9128
 2845 97 6146
 2846 4839 3178
 2847 6406 4882
 2848 8861 6454
 2849 3374 9393
 2850 5475 9394
 2851 455 2779
 2852 6936 4015
 2853 1032 9110
 2854 1955 77
 2855 6247 2933
 2856 4169 3606
 2857 5056 6218
 2858 8513 20
 2859 123 1061
 2860 1730 4915
 2861 2084 3944
 2862 5078 3684
 2863 9044 1927
 2864 3395 5178
 2865 520 1625
 2866 9268 115
 2867 164 7627
 2868 5146 5783
 2869 8835 795
 2870 5174 2191
 2871 5338 8130
 2872 3741 8338
 2873 5369 2895
 2874 272 213
 2875 5757 5890
 2876 9374 4265
 2877 4907 3387
 2878 9984 7644
 2879 223 2859
 2880 9238 6084
 2881 3263 5630
 2882 3229 2585
 2883 1948 1860
 2884 6852 4759
 2885 2155 500
 2886 1624 2985
 2887 4059 8735
 2888 8828 2080
 2889 7029 6919
 2890 7085 9263
 2891 5176 2810
 2892 7814 1418
 2893 6878 7753
 2894 3213 6497
 2895 6778 8921
 2896 6260 1492
 2897 9944 5440
 2898 7778 1823
 2899 6812 7191
 2900 613 3122
 2901 5079 1250
 2902 4997 1662
 2903 6258 1780
 2904 9310 1865
 2905 5872 8368
 2906 2750 3118
 2907 4322 6602
 2908 1539 6361
 2909 1780 4436
 2910 9657 3897
 2911 4996 7170
 2912 7109 9921
 2913 2295 3351
 2914 426 5178
 2915 5676 8678
 2916 4014 6817
 2917 206 9015
 2918 6579 8879
 2919 8744 8033
 2920 3728 9289
 2921 5338 6223
 2922 719 1100
 2923 7076 2697
 2924 6969 2530
 2925 9600 9692
 2926 4449 2467
 2927 8794 8177
 2928 2942 3456
 2929 3018 2936
 2930 6747 8968
 2931 4156 3276
 2932 6861 3107
 2933 7749 1121
 2934 7936 5198
 2935 2586 8495
 2936 8959 6710
 2937 9818 2217
 2938 8134 1750
 2939 7700 6797
 2940 1537 9750
 2941 2321 8490
 2942 3907 3869
 2943 8300 6423
 2944 7298 2258
 2945 600 2528
 2946 3287 230
 2947 7828 4224
 2948 1232 9102
 2949 9040 9199
 2950 7985 4195
 2951 8276 1620
 2952 5712 6753
 2953 9684 7467
 2954 9016 5555
 2955 5533 9556
 2956 3714 3936
 2957 45 6920
 2958 4304 6487
 2959 9791 407
 2960 7389 6472
 2961 7554 485
 2962 457 4659
 2963 1155 5101
 2964 9504 1292
 2965 2386 9185
 2966 3872 1529
 2967 7329 832
 2968 5484 2884
 2969 3166 6097
 2970 2521 4527
 2971 669 4723
 2972 7499 8280
 2973 6824 6287
 2974 8943 7267
 2975 6058 4938
 2976 9619 5463
 2977 6913 7711
 2978 6418 6012
 2979 926 7342
 2980 3508 4336
 2981 5239 2218
 2982 6329 5467
 2983 4438 4152
 2984 8847 9409
 2985 98 6588
 2986 8849 7562
 2987 9166 6467
 2988 6717 1308
 2989 5451 9804
 2990 6353 5529
 2991 2105 2901
 2992 4890 5900
 2993 2758 88
 2994 8652 2319
 2995 3094 5620
 2996 2350 9145
 2997 5837 5296
 2998 361 206
 2999 4661 2749
 3000 2939 7610
DEMAND_SECTION
 1 0
 2 25
 3 15
 4 18
 5 6
 6 4
 7 14
 8 3
 9 2
 10 17
 11 22
 12 7
 13 7
 14 10
 15 11
 16 7
 17 5
 18 3
 19 18
 20 22
 21 11
 22 14
 23 11
 24 7
 25 18
 26 23
 27 7
 28 14
 29 10
 30 4
 31 13
 32 11
 33 14
 34 2
 35 23
 36 9
 37 14
 38 7
 39 16
 40 24
 41 22
 42 17
 43 16
 44 11
 45 1
 46 22
 47 3
 48 14
 49 3
 50 9
 51 4
 52 8
 53 15
 54 1
 55 12
 56 12
 57 4
 58 15
 59 8
 60 24
 61 4
 62 16
 63 12
 64 6
 65 18
 66 24
 67 9
 68 11
 69 18
 70 19
 71 2
 72 15
 73 8
 74 19
 75 17
 76 10
 77 1
 78 24
 79 22
 80 10
 81 4
 82 23
 83 16
 84 11
 85 10
 86 22
 87 6
 88 6
 89 9
 90 20
 91 19
 92 23
 93 24
 94 4
 95 6
 96 24
 97 8
 98 1
 99 18
 100 12
 101 4
 102 8
 103 9
 104 9
 105 17
 106 18
 107 19
 108 1
 109 4
 110 25
 111 5
 112 7
 113 2
 114 13
 115 11
 116 14
 117 18
 118 25
 119 24
 120 1
 121 6
 122 11
 123 7
 124 13
 125 6
 126 3
 127 12
 128 19
 129 15
 130 9
 131 15
 132 15
 133 2
 134 20
 135 4
 136 1
 137 21
 138 13
 139 23
 140 19
 141 4
 142 21
 143 3
 144 20
 145 24
 146 10
 147 24
 148 3
 149 12
 150 16
 151 17
 152 5
 153 24
 154 3
 155 8
 156 7
 157 2
 158 2
 159 1
 160 14
 161 25
 162 3
 163 4
 164 22
 165 14
 166 7
 167 4
 168 19
 169 8
 170 4
 171 24
 172 18
 173 1
 174 24
 175 22
 176 25
 177 14
 178 2
 179 9
 180 23
 181 21
 182 22
 183 22
 184 19
 185 8
 186 24
 187 22
 188 14
 189 6
 190 10
 191 4
 192 8
 193 21
 194 4
 195 8
 196 25
 197 1
 198 23
 199 12
 200 16
 201 1
 202 20
 203 9
 204 6
 205 17
 206 7
 207 15
 208 22
 209 8
 210 19
 211 5
 212 10
 213 19
 214 3
 215 18
 216 1
 217 12
 218 10
 219 8
 220 16
 221 14
 222 20
 223 8
 224 15
 225 1
 226 10
 227 18
 228 16
 229 9
 230 9
 231 25
 232 8
 233 2
 234 5
 235 6
 236 2
 237 19
 238 6
 239 12
 240 12
 241 22
 242 4
 243 11
 244 9
 245 13
 246 17
 247 11
 248 13
 249 16
 250 17
 251 17
 252 16
 253 21
 254 13
 255 5
 256 12
 257 22
 258 17
 259 3
 260 6
 261 9
 262 2
 263 6
 264 12
 265 12
 266 13
 267 25
 268 4
 269 9
 270 10
 271 13
 272 9
 273 5
 274 7
 275 1
 276 19
 277 5
 278 14
 279 6
 280 8
 281 25
 282 11
 283 5
 284 8
 285 1
 286 9
 287 24
 288 20
 289 2
 290 24
 291 15
 292 12
 293 15
 294 9
 295 16
 296 3
 297 9
 298 15
 299 24
 300 2
 301 3
 302 11
 303 21
 304 11
 305 23
 306 10
 307 22
 308 11
 309 17
 310 2
 311 24
 312 13
 313 24
 314 6
 315 10
 316 23
 317 8
 318 16
 319 9
 320 7
 321 15
 322 8
 323 5
 324 24
 325 12
 326 6
 327 21
 328 19
 329 14
 330 21
 331 12
 332 14
 333 13
 334 16
 335 9
 336 16
 337 13
 338 24
 339 16
 340 25
 341 23
 342 17
 343 23
 344 23
 345 25
 346 9
 347 22
 348 14
 349 23
 350 19
 351 12
 352 5
 353 17
 354 17
 355 11
 356 3
 357 19
 358 19
 359 15
 360 19
 361 8
 362 21
 363 14
 364 7
 365 16
 366 17
 367 10
 368 24
 369 5
 370 8
 371 10
 372 23
 373 2
 374 2
 375 9
 376 3
 377 24
 378 19
 379 13
 380 22
 381 6
 382 10
 383 8
 384 17
 385 14
 386 23
 387 25
 388 7
 389 8
 390 5
 391 9
 392 20
 393 22
 394 22
 395 24
 396 12
 397 8
 398 14
 399 18
 400 19
 401 19
 402 24
 403 21
 404 1
 405 22
 406 13
 407 19
 408 16
 409 25
 410 23
 411 7
 412 16
 413 2
 414 11
 415 2
 416 6
 417 5
 418 10
 419 15
 420 24
 421 12
 422 19
 423 10
 424 7
 425 3
 426 5
 427 24
 428 1
 429 22
 430 22
 431 18
 432 3
 433 14
 434 13
 435 20
 436 22
 437 10
 438 14
 439 22
 440 5
 441 7
 442 20
 443 6
 444 25
 445 9
 446 6
 447 13
 448 1
 449 25
 450 5
 451 23
 452 15
 453 17
 454 18
 455 8
 456 9
 457 18
 458 2
 459 1
 460 20
 461 10
 462 20
 463 25
 464 18
 465 7
 466 16
 467 3
 468 19
 469 9
 470 6
 471 3
 472 22
 473 10
 474 13
 475 19
 476 16
 477 8
 478 22
 479 22
 480 8
 481 11
 482 8
 483 18
 484 21
 485 18
 486 17
 487 25
 488 5
 489 1
 490 9
 491 10
 492 21
 493 11
 494 10
 495 8
 496 3
 497 6
 498 16
 499 21
 500 5
 501 8
 502 16
 503 15
 504 14
 505 23
 506 6
 507 15
 508 7
 509 16
 510 12
 511 20
 512 18
 513 2
 514 14
 515 12
 516 10
 517 7
 518 21
 519 6
 520 13
 521 5
 522 11
 523 8
 524 18
 525 16
 526 21
 527 1
 528 23
 529 17
 530 13
 531 18
 532 16
 533 4
 534 7
 535 23
 536 9
 537 3
 538 20
 539 10
 540 8
 541 13
 542 14
 543 17
 544 21
 545 20
 546 6
 547 2
 548 11
 549 22
 550 19
 551 7
 552 8
 553 19
 554 11
 555 25
 556 23
 557 23
 558 9
 559 22
 560 12
 561 3
 562 15
 563 15
 564 22
 565 12
 566 13
 567 3
 568 7
 569 16
 570 9
 571 4
 572 7
 573 21
 574 5
 575 5
 576 1
 577 16
 578 12
 579 6
 580 7
 581 4
 582 6
 583 7
 584 23
 585 12
 586 1
 587 12
 588 18
 589 24
 590 24
 591 22
 592 25
 593 24
 594 6
 595 3
 596 21
 597 7
 598 9
 599 12
 600 14
 601 11
 602 4
 603 3
 604 4
 605 18
 606 7
 607 12
 608 1
 609 11
 610 5
 611 18
 612 3
 613 1
 614 5
 615 5
 616 5
 617 9
 618 12
 619 11
 620 22
 621 4
 622 6
 623 2
 624 22
 625 5
 626 18
 627 6
 628 10
 629 6
 630 10
 631 7
 632 14
 633 7
 634 2
 635 22
 636 11
 637 20
 638 3
 639 24
 640 19
 641 5
 642 5
 643 12
 644 4
 645 13
 646 7
 647 12
 648 5
 649 4
 650 19
 651 13
 652 20
 653 21
 654 23
 655 14
 656 9
 657 20
 658 25
 659 4
 660 13
 661 8
 662 14
 663 3
 664 8
 665 22
 666 15
 667 23
 668 1
 669 18
 670 15
 671 9
 672 19
 673 17
 674 3
 675 19
 676 7
 677 3
 678 12
 679 20
 680 18
 681 19
 682 4
 683 9
 684 22
 685 7
 686 17
 687 22
 688 18
 689 8
 690 11
 691 14
 692 4
 693 4
 694 16
 695 18
 696 2
 697 6
 698 6
 699 14
 700 4
 701 9
 702 20
 703 24
 704 13
 705 15
 706 14
 707 21
 708 6
 709 4
 710 6
 711 7
 712 6
 713 25
 714 20
 715 4
 716 11
 717 7
 718 21
 719 7
 720 25
 721 15
 722 2
 723 20
 724 11
 725 24
 726 9
 727 6
 728 25
 729 2
 730 8
 731 16
 732 10
 733 3
 734 25
 735 10
 736 18
 737 19
 738 22
 739 24
 740 12
 741 12
 742 11
 743 8
 744 16
 745 6
 746 24
 747 9
 748 11
 749 25
 750 25
 751 15
 752 11
 753 23
 754 23
 755 10
 756 20
 757 9
 758 10
 759 10
 760 18
 761 21
 762 8
 763 25
 764 11
 765 15
 766 16
 767 25
 768 23
 769 6
 770 23
 771 8
 772 13
 773 19
 774 7
 775 1
 776 7
 777 2
 778 4
 779 15
 780 23
 781 10
 782 24
 783 10
 784 25
 785 18
 786 8
 787 7
 788 7
 789 11
 790 12
 791 24
 792 15
 793 9
 794 11
 795 12
 796 23
 797 17
 798 8
 799 18
 800 6
 801 19
 802 7
 803 8
 804 9
 805 18
 806 20
 807 19
 808 22
 809 17
 810 10
 811 21
 812 6
 813 20
 814 1
 815 17
 816 3
 817 20
 818 4
 819 7
 820 14
 821 20
 822 21
 823 4
 824 16
 825 14
 826 23
 827 6
 828 18
 829 16
 830 12
 831 5
 832 5
 833 15
 834 12
 835 21
 836 13
 837 12
 838 8
 839 8
 840 3
 841 2
 842 23
 843 1
 844 25
 845 15
 846 1
 847 14
 848 1
 849 3
 850 19
 851 3
 852 16
 853 13
 854 22
 855 6
 856 11
 857 24
 858 5
 859 20
 860 14
 861 18
 862 3
 863 12
 864 24
 865 18
 866 5
 867 15
 868 16
 869 6
 870 25
 871 16
 872 11
 873 7
 874 2
 875 15
 876 11
 877 10
 878 21
 879 1
 880 10
 881 6
 882 16
 883 20
 884 12
 885 12
 886 2
 887 15
 888 11
 889 23
 890 23
 891 3
 892 8
 893 19
 894 14
 895 1
 896 9
 897 2
 898 21
 899 22
 900 17
 901 16
 902 16
 903 6
 904 14
 905 11
 906 8
 907 25
 908 10
 909 16
 910 11
 911 1
 912 16
 913 9
 914 4
 915 4
 916 13
 917 15
 918 24
 919 22
 920 10
 921 2
 922 1
 923 19
 924 15
 925 23
 926 20
 927 4
 928 24
 929 17
 930 18
 931 25
 932 23
 933 11
 934 2
 935 20
 936 23
 937 23
 938 20
 939 20
 940 10
 941 12
 942 8
 943 25
 944 24
 945 6
 946 16
 947 20
 948 19
 949 9
 950 24
 951 24
 952 1
 953 8
 954 8
 955 16
 956 20
 957 8
 958 19
 959 1
 960 17
 961 22
 962 9
 963 14
 964 8
 965 16
 966 23
 967 21
 968 4
 969 25
 970 22
 971 7
 972 6
 973 13
 974 14
 975 4
 976 20
 977 1
 978 15
 979 9
 980 3
 981 20
 982 12
 983 9
 984 24
 985 12
 986 18
 987 16
 988 5
 989 23
 990 1
 991 17
 992 15
 993 16
 994 25
 995 16
 996 11
 997 18
 998 17
 999 2
 1000 6
 1001 1
 1002 3
 1003 3
 1004 21
 1005 20
 1006 10
 1007 24
 1008 10
 1009 24
 1010 18
 1011 22
 1012 6
 1013 1
 1014 22
 1015 6
 1016 9
 1017 13
 1018 18
 1019 17
 1020 24
 1021 12
 1022 16
 1023 19
 1024 15
 1025 9
 1026 10
 1027 24
 1028 3
 1029 18
 1030 5
 1031 10
 1032 1
 1033 12
 1034 20
 1035 5
 1036 6
 1037 6
 1038 21
 1039 19
 1040 1
 1041 6
 1042 2
 1043 13
 1044 12
 1045 10
 1046 18
 1047 7
 1048 11
 1049 19
 1050 15
 1051 19
 1052 6
 1053 6
 1054 21
 1055 24
 1056 13
 1057 15
 1058 6
 1059 25
 1060 12
 1061 7
 1062 4
 1063 18
 1064 11
 1065 19
 1066 7
 1067 1
 1068 20
 1069 5
 1070 10
 1071 12
 1072 19
 1073 23
 1074 7
 1075 18
 1076 7
 1077 17
 1078 24
 1079 6
 1080 13
 1081 15
 1082 20
 1083 9
 1084 14
 1085 25
 1086 20
 1087 16
 1088 17
 1089 4
 1090 19
 1091 23
 1092 15
 1093 16
 1094 18
 1095 17
 1096 7
 1097 1
 1098 12
 1099 2
 1100 9
 1101 12
 1102 25
 1103 22
 1104 19
 1105 6
 1106 17
 1107 7
 1108 1
 1109 22
 1110 3
 1111 9
 1112 15
 1113 16
 1114 13
 1115 18
 1116 17
 1117 14
 1118 3
 1119 14
 1120 10
 1121 22
 1122 21
 1123 15
 1124 14
 1125 17
 1126 13
 1127 16
 1128 11
 1129 16
 1130 10
 1131 5
 1132 16
 1133 17
 1134 11
 1135 12
 1136 11
 1137 18
 1138 15
 1139 11
 1140 16
 1141 16
 1142 11
 1143 4
 1144 1
 1145 21
 1146 25
 1147 19
 1148 16
 1149 17
 1150 13
 1151 15
 1152 4
 1153 3
 1154 4
 1155 18
 1156 16
 1157 10
 1158 19
 1159 5
 1160 5
 1161 13
 1162 1
 1163 13
 1164 19
 1165 9
 1166 11
 1167 16
 1168 14
 1169 13
 1170 11
 1171 22
 1172 1
 1173 11
 1174 4
 1175 1
 1176 13
 1177 20
 1178 25
 1179 1
 1180 23
 1181 2
 1182 24
 1183 6
 1184 7
 1185 3
 1186 9
 1187 21
 1188 5
 1189 2
 1190 5
 1191 24
 1192 24
 1193 13
 1194 15
 1195 10
 1196 13
 1197 2
 1198 7
 1199 4
 1200 20
 1201 5
 1202 11
 1203 11
 1204 21
 1205 16
 1206 14
 1207 9
 1208 15
 1209 1
 1210 2
 1211 6
 1212 17
 1213 15
 1214 16
 1215 20
 1216 15
 1217 2
 1218 25
 1219 11
 1220 14
 1221 25
 1222 22
 1223 22
 1224 5
 1225 19
 1226 10
 1227 11
 1228 14
 1229 24
 1230 8
 1231 11
 1232 23
 1233 11
 1234 9
 1235 5
 1236 25
 1237 23
 1238 17
 1239 13
 1240 15
 1241 14
 1242 20
 1243 15
 1244 17
 1245 24
 1246 7
 1247 6
 1248 8
 1249 22
 1250 17
 1251 18
 1252 25
 1253 16
 1254 11
 1255 9
 1256 5
 1257 14
 1258 13
 1259 19
 1260 20
 1261 2
 1262 21
 1263 24
 1264 16
 1265 14
 1266 17
 1267 11
 1268 18
 1269 20
 1270 21
 1271 17
 1272 25
 1273 6
 1274 7
 1275 16
 1276 8
 1277 15
 1278 18
 1279 22
 1280 8
 1281 22
 1282 2
 1283 17
 1284 12
 1285 24
 1286 11
 1287 20
 1288 2
 1289 23
 1290 12
 1291 25
 1292 11
 1293 23
 1294 7
 1295 15
 1296 4
 1297 21
 1298 15
 1299 19
 1300 7
 1301 16
 1302 15
 1303 21
 1304 15
 1305 2
 1306 24
 1307 12
 1308 6
 1309 23
 1310 2
 1311 12
 1312 7
 1313 17
 1314 2
 1315 3
 1316 8
 1317 9
 1318 3
 1319 7
 1320 11
 1321 7
 1322 23
 1323 24
 1324 15
 1325 24
 1326 13
 1327 12
 1328 12
 1329 17
 1330 6
 1331 3
 1332 22
 1333 3
 1334 11
 1335 5
 1336 16
 1337 9
 1338 22
 1339 10
 1340 13
 1341 8
 1342 25
 1343 14
 1344 8
 1345 12
 1346 13
 1347 8
 1348 23
 1349 21
 1350 4
 1351 8
 1352 20
 1353 20
 1354 15
 1355 8
 1356 1
 1357 13
 1358 20
 1359 25
 1360 2
 1361 14
 1362 3
 1363 2
 1364 8
 1365 8
 1366 23
 1367 9
 1368 7
 1369 25
 1370 2
 1371 9
 1372 24
 1373 6
 1374 19
 1375 15
 1376 1
 1377 20
 1378 22
 1379 7
 1380 25
 1381 23
 1382 15
 1383 16
 1384 17
 1385 14
 1386 23
 1387 3
 1388 2
 1389 15
 1390 22
 1391 7
 1392 22
 1393 4
 1394 10
 1395 14
 1396 10
 1397 12
 1398 7
 1399 22
 1400 20
 1401 10
 1402 16
 1403 18
 1404 24
 1405 4
 1406 20
 1407 18
 1408 6
 1409 25
 1410 4
 1411 10
 1412 15
 1413 15
 1414 10
 1415 10
 1416 17
 1417 12
 1418 8
 1419 2
 1420 8
 1421 23
 1422 24
 1423 24
 1424 1
 1425 8
 1426 17
 1427 10
 1428 23
 1429 5
 1430 19
 1431 21
 1432 6
 1433 22
 1434 1
 1435 20
 1436 14
 1437 10
 1438 21
 1439 17
 1440 4
 1441 12
 1442 1
 1443 10
 1444 5
 1445 25
 1446 7
 1447 6
 1448 19
 1449 12
 1450 18
 1451 23
 1452 3
 1453 9
 1454 22
 1455 13
 1456 19
 1457 12
 1458 14
 1459 17
 1460 23
 1461 22
 1462 2
 1463 20
 1464 4
 1465 25
 1466 23
 1467 12
 1468 1
 1469 25
 1470 6
 1471 2
 1472 5
 1473 23
 1474 4
 1475 9
 1476 11
 1477 2
 1478 16
 1479 22
 1480 7
 1481 2
 1482 13
 1483 7
 1484 24
 1485 6
 1486 22
 1487 1
 1488 22
 1489 16
 1490 14
 1491 24
 1492 7
 1493 10
 1494 16
 1495 11
 1496 1
 1497 23
 1498 5
 1499 17
 1500 11
 1501 11
 1502 2
 1503 9
 1504 2
 1505 7
 1506 11
 1507 6
 1508 21
 1509 23
 1510 22
 1511 13
 1512 5
 1513 22
 1514 18
 1515 14
 1516 12
 1517 25
 1518 8
 1519 8
 1520 21
 1521 15
 1522 24
 1523 12
 1524 22
 1525 16
 1526 20
 1527 10
 1528 20
 1529 2
 1530 18
 1531 17
 1532 13
 1533 20
 1534 7
 1535 6
 1536 17
 1537 22
 1538 20
 1539 19
 1540 25
 1541 23
 1542 16
 1543 22
 1544 12
 1545 21
 1546 6
 1547 5
 1548 15
 1549 14
 1550 15
 1551 12
 1552 11
 1553 11
 1554 22
 1555 21
 1556 17
 1557 12
 1558 2
 1559 10
 1560 10
 1561 24
 1562 17
 1563 16
 1564 6
 1565 17
 1566 8
 1567 4
 1568 11
 1569 18
 1570 24
 1571 18
 1572 25
 1573 6
 1574 10
 1575 25
 1576 5
 1577 3
 1578 12
 1579 11
 1580 10
 1581 3
 1582 18
 1583 8
 1584 12
 1585 8
 1586 6
 1587 5
 1588 23
 1589 2
 1590 19
 1591 19
 1592 19
 1593 1
 1594 18
 1595 19
 1596 10
 1597 8
 1598 21
 1599 9
 1600 18
 1601 7
 1602 17
 1603 22
 1604 6
 1605 17
 1606 7
 1607 1
 1608 6
 1609 12
 1610 18
 1611 24
 1612 2
 1613 22
 1614 16
 1615 12
 1616 16
 1617 2
 1618 22
 1619 15
 1620 10
 1621 12
 1622 1
 1623 19
 1624 6
 1625 8
 1626 12
 1627 6
 1628 18
 1629 14
 1630 25
 1631 20
 1632 12
 1633 15
 1634 14
 1635 20
 1636 23
 1637 4
 1638 21
 1639 22
 1640 10
 1641 25
 1642 3
 1643 12
 1644 4
 1645 14
 1646 21
 1647 18
 1648 10
 1649 12
 1650 3
 1651 11
 1652 4
 1653 21
 1654 22
 1655 6
 1656 3
 1657 25
 1658 19
 1659 1
 1660 10
 1661 12
 1662 19
 1663 16
 1664 9
 1665 1
 1666 10
 1667 23
 1668 25
 1669 21
 1670 11
 1671 1
 1672 9
 1673 25
 1674 8
 1675 9
 1676 9
 1677 6
 1678 2
 1679 20
 1680 16
 1681 6
 1682 14
 1683 4
 1684 21
 1685 1
 1686 25
 1687 2
 1688 9
 1689 5
 1690 8
 1691 21
 1692 4
 1693 15
 1694 19
 1695 10
 1696 24
 1697 13
 1698 9
 1699 15
 1700 4
 1701 21
 1702 7
 1703 8
 1704 20
 1705 8
 1706 19
 1707 23
 1708 24
 1709 21
 1710 5
 1711 22
 1712 10
 1713 9
 1714 13
 1715 4
 1716 10
 1717 2
 1718 4
 1719 24
 1720 15
 1721 23
 1722 25
 1723 14
 1724 24
 1725 5
 1726 13
 1727 13
 1728 18
 1729 14
 1730 2
 1731 2
 1732 11
 1733 23
 1734 9
 1735 6
 1736 3
 1737 1
 1738 4
 1739 17
 1740 23
 1741 25
 1742 2
 1743 6
 1744 4
 1745 4
 1746 2
 1747 13
 1748 16
 1749 13
 1750 22
 1751 7
 1752 7
 1753 11
 1754 2
 1755 4
 1756 20
 1757 1
 1758 13
 1759 11
 1760 1
 1761 20
 1762 1
 1763 8
 1764 17
 1765 4
 1766 6
 1767 12
 1768 8
 1769 4
 1770 9
 1771 17
 1772 13
 1773 18
 1774 2
 1775 1
 1776 23
 1777 8
 1778 20
 1779 1
 1780 9
 1781 7
 1782 12
 1783 13
 1784 14
 1785 16
 1786 24
 1787 21
 1788 13
 1789 7
 1790 15
 1791 6
 1792 19
 1793 11
 1794 22
 1795 15
 1796 1
 1797 14
 1798 11
 1799 12
 1800 9
 1801 24
 1802 18
 1803 7
 1804 9
 1805 6
 1806 19
 1807 23
 1808 22
 1809 15
 1810 20
 1811 24
 1812 17
 1813 16
 1814 3
 1815 7
 1816 5
 1817 15
 1818 17
 1819 5
 1820 22
 1821 14
 1822 16
 1823 15
 1824 19
 1825 6
 1826 5
 1827 12
 1828 22
 1829 19
 1830 15
 1831 12
 1832 11
 1833 14
 1834 23
 1835 8
 1836 19
 1837 4
 1838 4
 1839 12
 1840 3
 1841 14
 1842 25
 1843 12
 1844 15
 1845 23
 1846 10
 1847 10
 1848 10
 1849 18
 1850 3
 1851 1
 1852 25
 1853 17
 1854 16
 1855 16
 1856 23
 1857 17
 1858 11
 1859 24
 1860 23
 1861 9
 1862 6
 1863 18
 1864 4
 1865 3
 1866 11
 1867 22
 1868 9
 1869 11
 1870 16
 1871 3
 1872 14
 1873 7
 1874 2
 1875 20
 1876 6
 1877 10
 1878 24
 1879 13
 1880 20
 1881 25
 1882 10
 1883 7
 1884 18
 1885 10
 1886 14
 1887 15
 1888 9
 1889 9
 1890 1
 1891 10
 1892 2
 1893 3
 1894 14
 1895 15
 1896 14
 1897 19
 1898 11
 1899 18
 1900 19
 1901 25
 1902 23
 1903 23
 1904 22
 1905 17
 1906 3
 1907 9
 1908 11
 1909 14
 1910 22
 1911 11
 1912 15
 1913 23
 1914 12
 1915 4
 1916 25
 1917 11
 1918 25
 1919 3
 1920 20
 1921 12
 1922 12
 1923 17
 1924 19
 1925 3
 1926 4
 1927 23
 1928 22
 1929 17
 1930 12
 1931 16
 1932 13
 1933 1
 1934 2
 1935 25
 1936 10
 1937 23
 1938 19
 1939 1
 1940 10
 1941 24
 1942 24
 1943 12
 1944 2
 1945 5
 1946 7
 1947 10
 1948 21
 1949 16
 1950 3
 1951 6
 1952 6
 1953 5
 1954 13
 1955 19
 1956 22
 1957 5
 1958 4
 1959 13
 1960 7
 1961 21
 1962 23
 1963 20
 1964 10
 1965 23
 1966 19
 1967 17
 1968 13
 1969 22
 1970 15
 1971 1
 1972 1
 1973 8
 1974 25
 1975 15
 1976 7
 1977 8
 1978 9
 1979 22
 1980 4
 1981 8
 1982 3
 1983 23
 1984 22
 1985 7
 1986 12
 1987 18
 1988 16
 1989 4
 1990 24
 1991 10
 1992 23
 1993 10
 1994 21
 1995 17
 1996 4
 1997 1
 1998 4
 1999 7
 2000 4
 2001 21
 2002 11
 2003 12
 2004 9
 2005 25
 2006 9
 2007 11
 2008 5
 2009 22
 2010 7
 2011 23
 2012 8
 2013 4
 2014 24
 2015 21
 2016 17
 2017 21
 2018 8
 2019 16
 2020 15
 2021 2
 2022 3
 2023 18
 2024 6
 2025 21
 2026 16
 2027 21
 2028 5
 2029 10
 2030 3
 2031 18
 2032 15
 2033 8
 2034 8
 2035 1
 2036 6
 2037 13
 2038 12
 2039 10
 2040 18
 2041 5
 2042 17
 2043 22
 2044 15
 2045 2
 2046 7
 2047 10
 2048 6
 2049 7
 2050 10
 2051 17
 2052 14
 2053 22
 2054 3
 2055 6
 2056 22
 2057 21
 2058 5
 2059 9
 2060 3
 2061 25
 2062 11
 2063 1
 2064 2
 2065 14
 2066 17
 2067 13
 2068 4
 2069 25
 2070 19
 2071 13
 2072 14
 2073 3
 2074 11
 2075 14
 2076 2
 2077 3
 2078 3
 2079 24
 2080 13
 2081 22
 2082 6
 2083 1
 2084 3
 2085 16
 2086 17
 2087 11
 2088 7
 2089 8
 2090 3
 2091 22
 2092 23
 2093 3
 2094 18
 2095 10
 2096 4
 2097 11
 2098 4
 2099 15
 2100 16
 2101 14
 2102 19
 2103 20
 2104 21
 2105 24
 2106 11
 2107 17
 2108 9
 2109 5
 2110 2
 2111 23
 2112 15
 2113 13
 2114 6
 2115 2
 2116 21
 2117 4
 2118 23
 2119 13
 2120 3
 2121 13
 2122 13
 2123 18
 2124 14
 2125 19
 2126 17
 2127 24
 2128 24
 2129 21
 2130 21
 2131 19
 2132 23
 2133 9
 2134 2
 2135 20
 2136 2
 2137 24
 2138 20
 2139 7
 2140 19
 2141 16
 2142 6
 2143 11
 2144 20
 2145 25
 2146 16
 2147 24
 2148 12
 2149 2
 2150 11
 2151 17
 2152 11
 2153 10
 2154 21
 2155 13
 2156 1
 2157 22
 2158 5
 2159 19
 2160 20
 2161 19
 2162 7
 2163 9
 2164 19
 2165 11
 2166 16
 2167 21
 2168 24
 2169 1
 2170 19
 2171 18
 2172 18
 2173 6
 2174 20
 2175 25
 2176 4
 2177 22
 2178 2
 2179 7
 2180 20
 2181 17
 2182 25
 2183 1
 2184 4
 2185 15
 2186 10
 2187 2
 2188 10
 2189 18
 2190 21
 2191 12
 2192 23
 2193 2
 2194 24
 2195 14
 2196 1
 2197 22
 2198 4
 2199 24
 2200 22
 2201 10
 2202 1
 2203 12
 2204 25
 2205 11
 2206 6
 2207 6
 2208 4
 2209 1
 2210 11
 2211 19
 2212 11
 2213 7
 2214 20
 2215 20
 2216 12
 2217 23
 2218 18
 2219 6
 2220 3
 2221 4
 2222 23
 2223 9
 2224 20
 2225 11
 2226 21
 2227 8
 2228 13
 2229 15
 2230 24
 2231 12
 2232 22
 2233 25
 2234 25
 2235 18
 2236 14
 2237 7
 2238 20
 2239 9
 2240 9
 2241 10
 2242 1
 2243 16
 2244 22
 2245 25
 2246 25
 2247 24
 2248 14
 2249 11
 2250 12
 2251 3
 2252 18
 2253 5
 2254 10
 2255 13
 2256 19
 2257 14
 2258 10
 2259 5
 2260 5
 2261 4
 2262 8
 2263 4
 2264 24
 2265 10
 2266 14
 2267 4
 2268 24
 2269 25
 2270 13
 2271 4
 2272 6
 2273 23
 2274 16
 2275 4
 2276 24
 2277 5
 2278 17
 2279 22
 2280 23
 2281 24
 2282 22
 2283 18
 2284 9
 2285 9
 2286 16
 2287 14
 2288 22
 2289 12
 2290 6
 2291 9
 2292 6
 2293 23
 2294 15
 2295 12
 2296 12
 2297 21
 2298 11
 2299 23
 2300 14
 2301 17
 2302 23
 2303 2
 2304 6
 2305 7
 2306 13
 2307 20
 2308 11
 2309 19
 2310 4
 2311 2
 2312 15
 2313 9
 2314 18
 2315 6
 2316 19
 2317 17
 2318 4
 2319 19
 2320 20
 2321 14
 2322 1
 2323 2
 2324 22
 2325 21
 2326 7
 2327 6
 2328 1
 2329 1
 2330 13
 2331 19
 2332 19
 2333 4
 2334 25
 2335 15
 2336 15
 2337 1
 2338 12
 2339 18
 2340 22
 2341 18
 2342 14
 2343 25
 2344 23
 2345 20
 2346 10
 2347 10
 2348 20
 2349 4
 2350 20
 2351 16
 2352 23
 2353 17
 2354 15
 2355 11
 2356 22
 2357 16
 2358 1
 2359 23
 2360 4
 2361 24
 2362 1
 2363 24
 2364 5
 2365 24
 2366 16
 2367 18
 2368 22
 2369 6
 2370 22
 2371 15
 2372 14
 2373 14
 2374 16
 2375 7
 2376 6
 2377 16
 2378 20
 2379 10
 2380 7
 2381 20
 2382 21
 2383 22
 2384 24
 2385 4
 2386 20
 2387 23
 2388 15
 2389 6
 2390 1
 2391 8
 2392 1
 2393 11
 2394 10
 2395 20
 2396 18
 2397 21
 2398 20
 2399 22
 2400 15
 2401 13
 2402 10
 2403 23
 2404 13
 2405 3
 2406 18
 2407 11
 2408 15
 2409 13
 2410 7
 2411 16
 2412 9
 2413 24
 2414 20
 2415 11
 2416 4
 2417 19
 2418 24
 2419 4
 2420 7
 2421 25
 2422 8
 2423 2
 2424 15
 2425 17
 2426 11
 2427 22
 2428 19
 2429 2
 2430 16
 2431 23
 2432 17
 2433 6
 2434 6
 2435 14
 2436 11
 2437 2
 2438 4
 2439 7
 2440 5
 2441 21
 2442 23
 2443 9
 2444 23
 2445 7
 2446 23
 2447 12
 2448 5
 2449 23
 2450 11
 2451 22
 2452 24
 2453 6
 2454 11
 2455 21
 2456 8
 2457 17
 2458 5
 2459 15
 2460 11
 2461 23
 2462 2
 2463 13
 2464 3
 2465 17
 2466 16
 2467 8
 2468 19
 2469 23
 2470 5
 2471 6
 2472 10
 2473 22
 2474 22
 2475 17
 2476 5
 2477 6
 2478 10
 2479 9
 2480 25
 2481 23
 2482 16
 2483 5
 2484 7
 2485 18
 2486 18
 2487 1
 2488 1
 2489 19
 2490 25
 2491 14
 2492 6
 2493 9
 2494 1
 2495 22
 2496 18
 2497 12
 2498 7
 2499 3
 2500 5
 2501 23
 2502 3
 2503 3
 2504 24
 2505 25
 2506 5
 2507 19
 2508 4
 2509 5
 2510 13
 2511 16
 2512 4
 2513 3
 2514 1
 2515 9
 2516 18
 2517 15
 2518 15
 2519 10
 2520 24
 2521 15
 2522 24
 2523 12
 2524 22
 2525 1
 2526 12
 2527 17
 2528 25
 2529 5
 2530 1
 2531 22
 2532 7
 2533 12
 2534 6
 2535 8
 2536 10
 2537 18
 2538 22
 2539 14
 2540 20
 2541 5
 2542 9
 2543 8
 2544 14
 2545 25
 2546 16
 2547 7
 2548 5
 2549 6
 2550 24
 2551 6
 2552 20
 2553 15
 2554 12
 2555 10
 2556 23
 2557 8
 2558 6
 2559 6
 2560 9
 2561 13
 2562 6
 2563 4
 2564 24
 2565 3
 2566 25
 2567 1
 2568 18
 2569 16
 2570 9
 2571 2
 2572 5
 2573 23
 2574 15
 2575 12
 2576 6
 2577 2
 2578 11
 2579 17
 2580 3
 2581 15
 2582 19
 2583 11
 2584 24
 2585 7
 2586 7
 2587 4
 2588 20
 2589 18
 2590 25
 2591 21
 2592 22
 2593 16
 2594 21
 2595 9
 2596 4
 2597 3
 2598 18
 2599 23
 2600 5
 2601 18
 2602 7
 2603 15
 2604 23
 2605 17
 2606 9
 2607 13
 2608 14
 2609 3
 2610 12
 2611 5
 2612 20
 2613 19
 2614 13
 2615 24
 2616 9
 2617 7
 2618 4
 2619 12
 2620 19
 2621 13
 2622 15
 2623 13
 2624 10
 2625 12
 2626 15
 2627 12
 2628 18
 2629 1
 2630 4
 2631 16
 2632 11
 2633 25
 2634 21
 2635 15
 2636 10
 2637 22
 2638 15
 2639 7
 2640 14
 2641 17
 2642 9
 2643 9
 2644 14
 2645 6
 2646 8
 2647 23
 2648 17
 2649 9
 2650 20
 2651 23
 2652 24
 2653 9
 2654 14
 2655 6
 2656 23
 2657 21
 2658 25
 2659 12
 2660 7
 2661 6
 2662 23
 2663 4
 2664 17
 2665 4
 2666 7
 2667 20
 2668 10
 2669 7
 2670 11
 2671 12
 2672 16
 2673 20
 2674 22
 2675 11
 2676 18
 2677 11
 2678 19
 2679 9
 2680 24
 2681 25
 2682 10
 2683 2
 2684 23
 2685 23
 2686 24
 2687 2
 2688 14
 2689 4
 2690 11
 2691 11
 2692 19
 2693 15
 2694 3
 2695 17
 2696 15
 2697 9
 2698 9
 2699 20
 2700 20
 2701 14
 2702 13
 2703 23
 2704 9
 2705 9
 2706 16
 2707 15
 2708 22
 2709 18
 2710 10
 2711 21
 2712 11
 2713 21
 2714 14
 2715 11
 2716 7
 2717 6
 2718 5
 2719 1
 2720 24
 2721 24
 2722 12
 2723 25
 2724 15
 2725 17
 2726 21
 2727 13
 2728 16
 2729 15
 2730 8
 2731 11
 2732 20
 2733 2
 2734 24
 2735 3
 2736 14
 2737 14
 2738 23
 2739 25
 2740 15
 2741 8
 2742 2
 2743 15
 2744 11
 2745 7
 2746 11
 2747 25
 2748 15
 2749 15
 2750 12
 2751 25
 2752 7
 2753 4
 2754 6
 2755 17
 2756 20
 2757 4
 2758 18
 2759 5
 2760 2
 2761 7
 2762 23
 2763 21
 2764 7
 2765 17
 2766 24
 2767 6
 2768 14
 2769 7
 2770 5
 2771 22
 2772 14
 2773 22
 2774 4
 2775 7
 2776 18
 2777 8
 2778 3
 2779 6
 2780 11
 2781 1
 2782 14
 2783 23
 2784 19
 2785 17
 2786 25
 2787 24
 2788 19
 2789 7
 2790 18
 2791 3
 2792 7
 2793 7
 2794 10
 2795 15
 2796 20
 2797 12
 2798 18
 2799 25
 2800 4
 2801 16
 2802 3
 2803 15
 2804 16
 2805 22
 2806 22
 2807 12
 2808 9
 2809 23
 2810 3
 2811 11
 2812 3
 2813 21
 2814 13
 2815 20
 2816 25
 2817 24
 2818 19
 2819 9
 2820 19
 2821 24
 2822 24
 2823 20
 2824 21
 2825 9
 2826 8
 2827 11
 2828 13
 2829 23
 2830 13
 2831 21
 2832 9
 2833 23
 2834 14
 2835 22
 2836 13
 2837 7
 2838 24
 2839 13
 2840 5
 2841 3
 2842 21
 2843 21
 2844 9
 2845 1
 2846 22
 2847 24
 2848 18
 2849 2
 2850 12
 2851 16
 2852 16
 2853 11
 2854 5
 2855 19
 2856 11
 2857 20
 2858 7
 2859 3
 2860 22
 2861 1
 2862 25
 2863 6
 2864 9
 2865 13
 2866 25
 2867 24
 2868 19
 2869 17
 2870 10
 2871 25
 2872 7
 2873 8
 2874 15
 2875 1
 2876 20
 2877 24
 2878 6
 2879 23
 2880 4
 2881 13
 2882 3
 2883 20
 2884 15
 2885 15
 2886 14
 2887 7
 2888 15
 2889 10
 2890 21
 2891 7
 2892 5
 2893 25
 2894 13
 2895 10
 2896 8
 2897 23
 2898 23
 2899 2
 2900 22
 2901 13
 2902 12
 2903 5
 2904 17
 2905 20
 2906 9
 2907 23
 2908 8
 2909 13
 2910 22
 2911 21
 2912 20
 2913 18
 2914 12
 2915 5
 2916 22
 2917 4
 2918 11
 2919 3
 2920 5
 2921 21
 2922 4
 2923 10
 2924 7
 2925 9
 2926 12
 2927 19
 2928 1
 2929 16
 2930 8
 2931 12
 2932 14
 2933 15
 2934 19
 2935 20
 2936 18
 2937 16
 2938 4
 2939 6
 2940 16
 2941 11
 2942 2
 2943 24
 2944 14
 2945 12
 2946 6
 2947 14
 2948 21
 2949 20
 2950 14
 2951 23
 2952 10
 2953 6
 2954 10
 2955 17
 2956 22
 2957 10
 2958 6
 2959 14
 2960 15
 2961 1
 2962 12
 2963 17
 2964 23
 2965 18
 2966 19
 2967 25
 2968 16
 2969 14
 2970 17
 2971 14
 2972 24
 2973 19
 2974 1
 2975 5
 2976 17
 2977 16
 2978 11
 2979 8
 2980 13
 2981 5
 2982 19
 2983 14
 2984 8
 2985 10
 2986 9
 2987 17
 2988 10
 2989 24
 2990 19
 2991 21
 2992 13
 2993 24
 2994 22
 2995 22
 2996 18
 2997 23
 2998 16
 2999 8
 3000 8
DEPOT_SECTION
 1
 -1
EOF
