NAME : A-n3500-k700
COMMENT : (Generated, No of trucks: 700, Optimal value: Unknown)
TYPE : CVRP
DIMENSION : 3500
EDGE_WEIGHT_TYPE : EUC_2D
CAPACITY : 100
NODE_COORD_SECTION
 1 2766 5886
 2 8307 263
 3 7148 4761
 4 6045 3363
 5 8282 9557
 6 603 3706
 7 6798 7018
 8 4085 9136
 9 4362 6524
 10 9979 5879
 11 4070 1661
 12 2643 4675
 13 7930 4780
 14 3792 7810
 15 1641 1369
 16 6229 2572
 17 5121 7198
 18 1254 9785
 19 9742 9692
 20 1978 4946
 21 4246 7145
 22 5037 5914
 23 2453 2682
 24 6770 1703
 25 4028 3496
 26 1022 2453
 27 6075 9708
 28 5333 4078
 29 9426 670
 30 7652 5594
 31 5604 9331
 32 5716 1690
 33 4738 6022
 34 4278 5944
 35 7682 8866
 36 2958 4573
 37 5407 1884
 38 6743 6383
 39 1806 5069
 40 8345 1015
 41 8292 7107
 42 1350 1370
 43 5466 7192
 44 5742 6106
 45 6852 1489
 46 8310 8756
 47 5341 7710
 48 1256 640
 49 3364 4677
 50 8520 1912
 51 626 2448
 52 9235 8809
 53 3246 6580
 54 3883 3567
 55 7434 2884
 56 6493 3531
 57 2665 5981
 58 8054 7123
 59 2291 8145
 60 4487 655
 61 4859 3812
 62 8763 3901
 63 8960 2787
 64 7274 8174
 65 1396 656
 66 4830 9103
 67 5168 9467
 68 7323 6724
 69 2056 9906
 70 1031 5324
 71 898 9324
 72 1913 6639
 73 5153 6766
 74 2359 9249
 75 439 2036
 76 4231 8603
 77 5087 9715
 78 1498 8028
 79 3687 286
 80 4377 7665
 81 1520 4110
 82 4720 658
 83 8409 7229
 84 7896 1770
 85 391 457
 86 6667 595
 87 8263 7163
 88 643 3467
 89 2534 462
 90 8956 1327
 91 5843 1132
 92 3258 6370
 93 6974 4046
 94 4716 2651
 95 1910 52
 96 3773 6353
 97 2322 3713
 98 7668 7247
 99 6507 4695
 100 4512 8644
 101 621 6269
 102 3014 9028
 103 2855 8300
 104 6465 1274
 105 3878 9862
 106 4425 209
 107 3381 4520
 108 2461 9598
 109 6746 6326
 110 9211 8677
 111 5454 9184
 112 4983 3931
 113 2905 7397
 114 7598 4162
 115 1822 4934
 116 266 2514
 117 7043 9256
 118 9720 933
 119 8100 6217
 120 1546 5655
 121 2449 760
 122 8915 6800
 123 5156 4493
 124 244 6024
 125 9008 1454
 126 9062 6904
 127 4674 4466
 128 3972 6276
 129 4647 5918
 130 8202 6416
 131 273 3421
 132 8942 8558
 133 2015 5493
 134 6561 2566
 135 310 3968
 136 7131 6533
 137 5316 493
 138 5676 8800
 139 9722 1548
 140 4672 5995
 141 2283 5197
 142 583 5591
 143 9788 4970
 144 3935 1565
 145 21 8127
 146 1212 7372
 147 9210 1311
 148 7842 9541
 149 1354 200
 150 8401 3810
 151 8603 5630
 152 4074 3660
 153 9175 1164
 154 6881 6845
 155 5040 5703
 156 8395 1051
 157 2107 3618
 158 9223 5510
 159 1496 919
 160 5079 7724
 161 1427 9429
 162 5600 3273
 163 986 5249
 164 831 5908
 165 592 2254
 166 7331 3504
 167 6256 7357
 168 2939 1749
 169 7056 4552
 170 8021 3852
 171 1772 2166
 172 3713 196
 173 5195 4832
 174 7266 6080
 175 4316 8896
 176 1712 4421
 177 1424 4695
 178 9972 8756
 179 4479 2835
 180 1733 9392
 181 4817 2429
 182 8105 6794
 183 3141 4088
 184 9040 5625
 185 4398 1476
 186 139 9377
 187 1918 5440
 188 4694 703
 189 5707 6698
 190 5962 3813
 191 4432 4615
 192 5976 542
 193 258 9528
 194 4687 7961
 195 8392 1942
 196 1477 3584
 197 5842 8082
 198 2909 6171
 199 4957 5725
 200 1131 9340
 201 953 9554
 202 3983 1067
 203 5964 4688
 204 394 5108
 205 2389 4670
 206 4442 1008
 207 6205 3306
 208 6860 1972
 209 5526 525
 210 1116 1741
 211 7566 5883
 212 8065 5438
 213 8435 4509
 214 3072 6861
 215 6804 7240
 216 1056 7835
 217 2297 4312
 218 9392 199
 219 107 2540
 220 6720 8848
 221 9523 1644
 222 1266 385
 223 3785 4088
 224 3280 8922
 225 7389 2542
 226 5383 1614
 227 3784 5589
 228 5 8519
 229 1211 3635
 230 9796 8790
 231 9194 5606
 232 9239 2454
 233 1487 7375
 234 9395 8946
 235 3461 8851
 236 6801 9185
 237 2395 2499
 238 4682 1849
 239 8434 1352
 240 179 6620
 241 6457 1750
 242 962 6492
 243 5360 6226
 244 6159 759
 245 8290 8532
 246 453 1581
 247 5479 9605
 248 8041 3982
 249 3076 6411
 250 397 6130
 251 179 9325
 252 7495 5691
 253 4542 3631
 254 2907 1882
 255 3131 3685
 256 8712 3956
 257 45 7582
 258 6818 936
 259 8009 5346
 260 8111 717
 261 5349 708
 262 6985 3945
 263 6150 1334
 264 8888 2544
 265 3557 4479
 266 5103 3173
 267 1901 3326
 268 9547 3897
 269 7093 1653
 270 2666 4122
 271 5497 3301
 272 2561 5499
 273 1574 6821
 274 2578 7071
 275 9563 3567
 276 2599 8425
 277 116 3181
 278 6044 8063
 279 7844 1976
 280 1633 8783
 281 9429 8388
 282 8426 1223
 283 89 7490
 284 3098 2780
 285 4803 7393
 286 6736 5362
 287 9051 5877
 288 7285 6380
 289 5202 5079
 290 7992 9650
 291 9655 2744
 292 1906 5470
 293 1155 5909
 294 6097 1769
 295 1392 7626
 296 2132 4259
 297 9041 3034
 298 6514 3032
 299 1325 8208
 300 5597 4005
 301 8219 7140
 302 6574 1061
 303 4440 7100
 304 511 6344
 305 1664 5560
 306 486 2958
 307 3599 6737
 308 4708 5733
 309 3981 9463
 310 1935 8338
 311 5935 7531
 312 8846 4623
 313 8140 3618
 314 400 8236
 315 422 5368
 316 7020 9226
 317 2566 5880
 318 6033 2200
 319 5409 9548
 320 5265 8126
 321 7765 5051
 322 7970 6916
 323 2443 9540
 324 5209 5264
 325 5993 7796
 326 5270 4207
 327 9645 8739
 328 7839 4425
 329 6663 6702
 330 5517 54
 331 6533 5600
 332 5424 6028
 333 5990 588
 334 4470 8591
 335 9345 5985
 336 6833 310
 337 7912 1407
 338 4419 1790
 339 8842 2162
 340 5401 1640
 341 4253 640
 342 4904 2620
 343 9341 160
 344 4276 2099
 345 7444 8119
 346 4338 8793
 347 6069 4276
 348 4863 7624
 349 9720 952
 350 6332 5619
 351 3261 6686
 352 4565 2373
 353 9321 2273
 354 5768 6594
 355 1086 2535
 356 5041 3049
 357 1984 8761
 358 9643 5935
 359 7136 9578
 360 7879 6032
 361 81 5745
 362 9514 5909
 363 4958 7030
 364 7492 2103
 365 9967 1273
 366 1261 3676
 367 3520 739
 368 1861 6140
 369 448 8639
 370 1818 5733
 371 1400 519
 372 4294 5750
 373 638 9634
 374 3948 314
 375 1464 5959
 376 8969 3335
 377 5213 5298
 378 2516 1035
 379 5916 5420
 380 4908 7109
 381 9586 9434
 382 9443 9576
 383 6949 2872
 384 8735 49
 385 8454 3698
 386 3248 5927
 387 7096 415
 388 2945 3129
 389 3158 6892
 390 1745 7572
 391 7363 9582
 392 8506 6101
 393 4110 3231
 394 6007 9990
 395 956 8578
 396 6230 3951
 397 5070 9153
 398 4058 7830
 399 9274 2660
 400 1639 5105
 401 5651 8430
 402 5717 9895
 403 4486 4841
 404 63 4527
 405 2265 8082
 406 3996 9948
 407 5916 5099
 408 6604 1349
 409 653 9651
 410 9378 5129
 411 4624 5194
 412 6052 7695
 413 5714 9490
 414 6298 2012
 415 7725 5745
 416 5094 6709
 417 6902 8056
 418 853 9244
 419 2102 1570
 420 4033 7583
 421 7203 1961
 422 6426 5991
 423 9944 4704
 424 8959 440
 425 7747 958
 426 1120 6632
 427 6453 4618
 428 3325 453
 429 5331 6992
 430 5983 8447
 431 6918 6429
 432 553 265
 433 2574 4331
 434 8132 7294
 435 1764 441
 436 3203 6260
 437 6555 1969
 438 6141 8815
 439 4381 9000
 440 9847 6270
 441 4737 180
 442 1864 9393
 443 453 6376
 444 9700 4333
 445 7756 8181
 446 2414 6528
 447 756 3215
 448 4481 8425
 449 8272 8232
 450 8146 3381
 451 1499 5121
 452 3451 8262
 453 4417 6761
 454 9632 5886
 455 2237 4256
 456 5365 8990
 457 4445 7976
 458 4491 4253
 459 2586 959
 460 7172 5008
 461 4565 8087
 462 8647 202
 463 150 1786
 464 7743 7079
 465 7134 2372
 466 4742 8990
 467 1105 8967
 468 7752 5642
 469 453 7638
 470 2921 1788
 471 5418 6411
 472 7890 8938
 473 2764 2472
 474 8796 4893
 475 482 2735
 476 1383 7374
 477 8153 7486
 478 7106 4321
 479 8936 6139
 480 6413 985
 481 1114 5516
 482 5333 5452
 483 595 5494
 484 1880 5059
 485 2383 3566
 486 922 2279
 487 7838 6803
 488 4456 6177
 489 4323 2975
 490 3861 2000
 491 421 4966
 492 4141 4265
 493 5680 8862
 494 6312 1603
 495 3271 7673
 496 3808 2485
 497 7434 3184
 498 2257 3257
 499 880 9993
 500 2891 479
 501 9961 6005
 502 8974 7807
 503 1894 9789
 504 9525 7844
 505 7178 5479
 506 4300 2862
 507 1800 4835
 508 7385 2921
 509 2472 6140
 510 3447 929
 511 3655 5771
 512 9460 3660
 513 5250 1071
 514 8137 4543
 515 6838 1443
 516 1027 3278
 517 1429 6374
 518 7916 397
 519 2172 1833
 520 8582 5731
 521 7845 5240
 522 5511 9132
 523 4965 2995
 524 9720 6833
 525 3610 5414
 526 4612 2062
 527 34 14
 528 2946 9909
 529 2370 6110
 530 9770 913
 531 4910 4713
 532 533 5708
 533 5375 494
 534 1648 5709
 535 8050 564
 536 1174 4741
 537 3526 5604
 538 2418 5187
 539 4884 5298
 540 5143 4048
 541 3676 9566
 542 9783 1859
 543 8450 5433
 544 142 9893
 545 4155 2293
 546 5500 4840
 547 4099 1253
 548 1469 5764
 549 3390 1738
 550 9041 7053
 551 4420 9533
 552 7930 6744
 553 9842 8951
 554 2523 4804
 555 3671 984
 556 709 4454
 557 1164 0
 558 5615 5795
 559 9832 8879
 560 7764 9444
 561 9981 4831
 562 9414 8921
 563 953 6520
 564 2627 561
 565 2601 661
 566 1781 5947
 567 4086 9310
 568 2917 7796
 569 6484 7599
 570 4402 9290
 571 8610 4807
 572 6733 8461
 573 8049 6871
 574 639 2843
 575 4602 4997
 576 6573 2491
 577 5188 6046
 578 268 6613
 579 6728 2178
 580 3933 6043
 581 3691 2042
 582 1354 3123
 583 5611 711
 584 7970 5270
 585 3607 8354
 586 8847 9247
 587 5970 7750
 588 7394 7769
 589 4905 4795
 590 3726 5412
 591 9559 7871
 592 7126 4386
 593 4595 4353
 594 4348 7004
 595 1196 4194
 596 937 4183
 597 9036 1867
 598 5366 7293
 599 7182 1455
 600 6765 6825
 601 171 1180
 602 8693 8839
 603 189 6165
 604 5296 103
 605 2768 6026
 606 8575 926
 607 7539 8755
 608 1224 6725
 609 8618 9189
 610 3407 8381
 611 7125 1067
 612 5197 1745
 613 7345 9818
 614 686 9959
 615 3763 8227
 616 7748 5469
 617 3277 3806
 618 6392 5136
 619 8510 7985
 620 5486 2306
 621 3374 8173
 622 4836 5639
 623 312 5933
 624 4229 537
 625 3345 530
 626 9713 3312
 627 9623 3449
 628 692 7125
 629 6671 4278
 630 4856 9104
 631 2963 9250
 632 7157 6091
 633 5442 2240
 634 8795 2506
 635 7230 7700
 636 7887 899
 637 7247 7078
 638 848 8278
 639 1449 3940
 640 6579 8463
 641 1840 8605
 642 5747 610
 643 4770 9435
 644 1246 8740
 645 5992 8491
 646 5070 5911
 647 8506 5941
 648 138 5139
 649 2287 4146
 650 9489 6288
 651 7222 5913
 652 8639 5250
 653 7189 6352
 654 3395 5692
 655 2458 2261
 656 7979 5217
 657 6988 4423
 658 6230 9624
 659 8024 864
 660 3524 1213
 661 1426 9108
 662 7962 2565
 663 6010 5344
 664 2549 7056
 665 5165 7437
 666 8217 8065
 667 7369 8507
 668 7198 7647
 669 4859 3311
 670 7924 3396
 671 8735 7573
 672 8886 1806
 673 8252 1117
 674 3179 9502
 675 3857 6671
 676 8580 2483
 677 3724 3831
 678 7515 7607
 679 3369 9498
 680 5620 7298
 681 3030 1734
 682 2357 8131
 683 8825 8236
 684 4176 7935
 685 2656 2518
 686 7017 7991
 687 5201 1305
 688 9948 913
 689 6060 134
 690 3702 1014
 691 1762 9945
 692 2579 2790
 693 8638 6761
 694 6343 9357
 695 7545 1416
 696 3706 6515
 697 1604 1231
 698 6289 3176
 699 6833 9758
 700 6342 3134
 701 4516 2314
 702 6087 9789
 703 2854 2349
 704 2646 8126
 705 4184 5539
 706 8297 9151
 707 8062 8748
 708 817 9575
 709 8166 4165
 710 96 1191
 711 6521 4934
 712 276 3669
 713 6398 8873
 714 901 8734
 715 3911 941
 716 4855 4063
 717 7233 4650
 718 2189 1481
 719 138 5733
 720 9324 3295
 721 9255 1499
 722 6355 2610
 723 6838 1160
 724 5847 1103
 725 6035 194
 726 1952 8008
 727 3316 6664
 728 4784 2736
 729 6056 1065
 730 5613 4694
 731 5069 3489
 732 5240 1739
 733 3011 8763
 734 2171 8981
 735 1442 5889
 736 1977 5972
 737 9245 172
 738 6586 86
 739 1254 1781
 740 7217 177
 741 6159 4624
 742 9862 3509
 743 2097 6992
 744 8492 9554
 745 8553 9326
 746 7086 2331
 747 2803 9465
 748 4962 8226
 749 8590 6509
 750 8493 4174
 751 9200 4536
 752 5804 6184
 753 3163 3632
 754 1423 654
 755 8424 217
 756 4361 9806
 757 952 4703
 758 8611 5046
 759 2322 5737
 760 4362 7115
 761 57 2368
 762 8089 7678
 763 5704 2644
 764 5043 3641
 765 4504 2423
 766 3752 6410
 767 5402 3694
 768 6961 6324
 769 936 9258
 770 2457 3535
 771 5363 2440
 772 5234 7988
 773 2289 1054
 774 3915 2290
 775 2847 7829
 776 4391 4272
 777 9840 6187
 778 4462 3492
 779 3676 3670
 780 2452 4023
 781 5802 4666
 782 3483 5160
 783 2196 6025
 784 8753 2655
 785 8361 9388
 786 8308 9032
 787 304 816
 788 6218 6490
 789 1790 1545
 790 1489 283
 791 5975 5864
 792 3062 1315
 793 4445 5324
 794 8907 4589
 795 5836 3469
 796 5126 4062
 797 5802 6713
 798 4445 426
 799 3307 9729
 800 7427 1377
 801 7592 2110
 802 4008 7565
 803 8955 5256
 804 5203 4558
 805 9906 5186
 806 3414 4227
 807 2743 8481
 808 7603 7648
 809 7143 4162
 810 6989 3810
 811 9149 7476
 812 5589 4666
 813 5226 3004
 814 2749 1293
 815 7652 2220
 816 5481 4961
 817 7827 5994
 818 6049 5570
 819 11 418
 820 3570 8677
 821 5971 7587
 822 9087 9280
 823 2584 4377
 824 8749 486
 825 3803 5148
 826 2521 5178
 827 4872 7725
 828 6439 5474
 829 1446 566
 830 2719 9415
 831 4956 8164
 832 4708 1304
 833 8825 4431
 834 8135 4165
 835 1597 3933
 836 3221 2642
 837 8352 844
 838 7612 2366
 839 8904 935
 840 3487 1371
 841 502 121
 842 5003 217
 843 8860 6486
 844 480 7638
 845 8748 8281
 846 8176 8653
 847 8167 8094
 848 831 7488
 849 2568 7339
 850 377 929
 851 7134 6960
 852 9477 9971
 853 7610 5296
 854 7121 9124
 855 5700 2513
 856 6909 5468
 857 2647 2210
 858 4219 7351
 859 1500 7203
 860 3086 8004
 861 4662 4103
 862 8907 7918
 863 6241 7862
 864 7209 5821
 865 1533 6061
 866 5194 2421
 867 9381 1764
 868 5385 7248
 869 1050 1867
 870 9854 9166
 871 5053 7896
 872 9527 8711
 873 1028 4612
 874 6547 1895
 875 9802 5426
 876 6916 4778
 877 8067 5031
 878 3826 2216
 879 6500 7156
 880 514 5608
 881 220 2248
 882 9004 6251
 883 320 2510
 884 2017 7927
 885 5479 2907
 886 6397 2906
 887 7000 9461
 888 2738 1229
 889 713 3835
 890 8617 5654
 891 5903 5386
 892 982 5793
 893 659 5343
 894 7159 2203
 895 1295 3015
 896 4047 7666
 897 3976 9810
 898 3743 4291
 899 8683 7965
 900 7553 5797
 901 6605 2237
 902 7914 4875
 903 1535 777
 904 5564 8691
 905 224 3097
 906 7258 6678
 907 4949 8575
 908 5031 5201
 909 5869 5360
 910 1969 7073
 911 9660 9938
 912 8116 5312
 913 8250 3570
 914 3394 6521
 915 9842 4920
 916 5957 3212
 917 6364 2751
 918 8870 7685
 919 6049 2367
 920 8946 8848
 921 9525 8664
 922 9830 9912
 923 8752 7859
 924 5880 200
 925 1470 9036
 926 3758 1903
 927 5464 2949
 928 3524 3789
 929 6104 7074
 930 1297 1812
 931 1637 9891
 932 6986 9400
 933 8126 5437
 934 162 8952
 935 3889 5280
 936 2917 8057
 937 7014 800
 938 2591 6963
 939 3584 7669
 940 3293 1292
 941 4290 1548
 942 1647 6071
 943 879 5811
 944 4702 6145
 945 6095 7713
 946 2891 8347
 947 887 2555
 948 7093 752
 949 5122 104
 950 9607 6452
 951 9157 7983
 952 2758 2073
 953 568 2611
 954 2712 3895
 955 6521 6566
 956 9448 9569
 957 7403 7793
 958 3863 7029
 959 6851 7105
 960 1344 9220
 961 9877 6839
 962 4664 7776
 963 2684 6761
 964 3741 9890
 965 8932 172
 966 1574 8629
 967 1612 3417
 968 6303 1446
 969 8532 2146
 970 2491 9759
 971 4357 9508
 972 8529 846
 973 1060 2850
 974 4094 4363
 975 3793 7232
 976 3847 3103
 977 5509 5571
 978 3668 9609
 979 6410 7625
 980 5619 6070
 981 6302 9623
 982 2222 5389
 983 6129 4957
 984 6408 8032
 985 5894 7189
 986 6686 6745
 987 5308 1950
 988 4279 3505
 989 6058 4382
 990 1909 7532
 991 8814 9399
 992 3989 7610
 993 3879 2680
 994 9866 8536
 995 710 2327
 996 5686 5773
 997 8170 4462
 998 4565 3544
 999 2883 2895
 1000 7598 4589
 1001 6528 6919
 1002 6210 5660
 1003 5224 6025
 1004 4306 7003
 1005 4882 2692
 1006 7469 3989
 1007 5169 5200
 1008 9435 4974
 1009 9923 8523
 1010 5970 6015
 1011 279 7465
 1012 9261 3345
 1013 3616 9352
 1014 4057 4809
 1015 9709 5770
 1016 6129 6616
 1017 9943 3939
 1018 1557 7921
 1019 4038 5394
 1020 5692 5006
 1021 8157 5567
 1022 28 7850
 1023 6639 5015
 1024 487 307
 1025 3963 3319
 1026 3544 4374
 1027 6989 9536
 1028 1766 7037
 1029 3422 5302
 1030 2585 38
 1031 840 1201
 1032 8636 5364
 1033 5791 7193
 1034 2831 1851
 1035 5829 6881
 1036 4875 5566
 1037 5521 556
 1038 5244 1605
 1039 1576 1626
 1040 6835 2920
 1041 7285 732
 1042 1099 4182
 1043 8589 6792
 1044 5225 6680
 1045 1322 7366
 1046 5791 5590
 1047 8214 3741
 1048 4635 2201
 1049 606 6996
 1050 4373 6668
 1051 4224 9734
 1052 4101 3057
 1053 9530 4308
 1054 1539 8664
 1055 7116 6075
 1056 8545 5563
 1057 1569 7975
 1058 6190 3279
 1059 6707 8959
 1060 1341 8783
 1061 3086 1221
 1062 1272 909
 1063 9299 9676
 1064 659 1638
 1065 5793 5905
 1066 3771 23
 1067 493 6751
 1068 5836 9795
 1069 9163 2089
 1070 9002 9634
 1071 4173 5916
 1072 7052 1812
 1073 5640 2723
 1074 2123 1778
 1075 7227 2960
 1076 4162 6744
 1077 7538 6619
 1078 825 1330
 1079 6009 2227
 1080 6515 1468
 1081 2677 3441
 1082 8922 9363
 1083 8156 3104
 1084 2768 8064
 1085 9011 5842
 1086 1769 1542
 1087 8536 276
 1088 8520 2193
 1089 9908 8850
 1090 3263 5115
 1091 4908 9110
 1092 214 1674
 1093 3459 2037
 1094 4977 9095
 1095 9739 1667
 1096 6180 7250
 1097 8872 5743
 1098 9561 4237
 1099 2120 6957
 1100 3328 8862
 1101 1267 4443
 1102 4670 7604
 1103 6818 2972
 1104 4771 8685
 1105 5058 8947
 1106 2225 7393
 1107 387 7319
 1108 8205 3452
 1109 4599 5202
 1110 2259 6566
 1111 4293 5014
 1112 7337 3987
 1113 502 8305
 1114 7245 102
 1115 1343 6676
 1116 1267 1007
 1117 6902 8816
 1118 72 8356
 1119 4401 6996
 1120 7973 4971
 1121 8116 2225
 1122 5892 3489
 1123 404 995
 1124 7049 6836
 1125 202 2472
 1126 7801 6160
 1127 8157 4260
 1128 542 6760
 1129 4160 5381
 1130 6411 235
 1131 9955 3283
 1132 8321 8762
 1133 5625 4440
 1134 2170 5912
 1135 9862 9154
 1136 9638 4326
 1137 7988 1027
 1138 9277 6560
 1139 6014 5527
 1140 1291 8938
 1141 9905 3947
 1142 6620 6296
 1143 1121 7437
 1144 7543 6149
 1145 5991 6320
 1146 4637 8667
 1147 5756 7155
 1148 1008 9562
 1149 4642 1412
 1150 2978 4262
 1151 4081 7523
 1152 126 5435
 1153 5461 6978
 1154 5651 9310
 1155 7869 646
 1156 5478 5636
 1157 3859 6088
 1158 8677 9234
 1159 6574 8589
 1160 9983 7535
 1161 8775 7341
 1162 2758 617
 1163 119 7606
 1164 77 4121
 1165 7308 9077
 1166 5280 2345
 1167 7877 6446
 1168 1578 4168
 1169 1428 6652
 1170 5620 4659
 1171 2361 3066
 1172 5497 9539
 1173 1768 2450
 1174 3852 4906
 1175 9453 9787
 1176 3583 8635
 1177 6909 3458
 1178 3173 4640
 1179 285 360
 1180 178 2072
 1181 8955 9951
 1182 5367 3173
 1183 7692 9696
 1184 7422 3258
 1185 4072 7940
 1186 7932 1989
 1187 4822 5567
 1188 3108 1211
 1189 7845 2738
 1190 2040 9747
 1191 5166 7370
 1192 642 3585
 1193 8339 5583
 1194 5329 2756
 1195 5953 1040
 1196 3228 5094
 1197 5303 1752
 1198 2880 4784
 1199 8104 8399
 1200 4930 9636
 1201 6156 2248
 1202 6041 13
 1203 4869 8983
 1204 4849 5535
 1205 2533 5311
 1206 6861 109
 1207 1184 8105
 1208 7025 9054
 1209 7733 4115
 1210 7851 6151
 1211 4281 2026
 1212 4392 8711
 1213 9120 6893
 1214 6109 9615
 1215 6668 8352
 1216 7201 953
 1217 3525 3046
 1218 8058 5097
 1219 2347 7065
 1220 3577 8311
 1221 8613 1393
 1222 5811 1413
 1223 6487 3894
 1224 2544 9040
 1225 9446 1337
 1226 9587 3321
 1227 541 2792
 1228 7331 5872
 1229 2173 2778
 1230 3896 4788
 1231 3037 5824
 1232 7076 7313
 1233 4423 3694
 1234 6424 5135
 1235 8366 3173
 1236 7327 3773
 1237 2400 319
 1238 5265 3281
 1239 8169 1297
 1240 7615 7332
 1241 1780 807
 1242 2917 7285
 1243 8296 3319
 1244 281 6452
 1245 8285 5464
 1246 4328 3285
 1247 2169 2230
 1248 9765 3028
 1249 2942 143
 1250 5683 1476
 1251 5282 1369
 1252 3564 6954
 1253 5412 5923
 1254 3751 674
 1255 3252 5238
 1256 9781 8900
 1257 7722 6314
 1258 2921 628
 1259 7009 2652
 1260 3221 8042
 1261 3681 1111
 1262 6493 4498
 1263 5617 5493
 1264 9344 1419
 1265 9376 2008
 1266 6592 7724
 1267 3506 3352
 1268 4314 366
 1269 9277 4132
 1270 6126 6449
 1271 1347 1568
 1272 6759 4695
 1273 7408 6537
 1274 5424 7069
 1275 9960 7238
 1276 5023 7565
 1277 7195 1922
 1278 2652 3729
 1279 4064 2950
 1280 8404 8618
 1281 3527 5496
 1282 3266 3110
 1283 7066 756
 1284 9153 250
 1285 7902 344
 1286 2735 8410
 1287 6681 9974
 1288 6767 1821
 1289 2094 4595
 1290 7326 111
 1291 8732 6118
 1292 4120 5733
 1293 2335 6433
 1294 1681 4540
 1295 185 7144
 1296 4566 7166
 1297 1048 3007
 1298 2336 1088
 1299 3448 5910
 1300 2184 7751
 1301 6586 6696
 1302 3791 727
 1303 7789 1113
 1304 5874 9285
 1305 1856 6942
 1306 2782 9199
 1307 2598 768
 1308 8039 5844
 1309 9138 9967
 1310 6183 8513
 1311 451 207
 1312 3832 4486
 1313 4872 7085
 1314 9454 8936
 1315 4247 7202
 1316 6830 5875
 1317 9191 908
 1318 7419 1459
 1319 8247 1352
 1320 5259 2508
 1321 3503 9441
 1322 1148 4576
 1323 202 3359
 1324 3545 88
 1325 2388 5144
 1326 1454 7169
 1327 9114 2007
 1328 4214 9252
 1329 3108 9522
 1330 5250 1735
 1331 5530 6326
 1332 2467 9803
 1333 9398 7195
 1334 3808 3013
 1335 9356 8119
 1336 3495 1349
 1337 4260 3692
 1338 7199 980
 1339 4770 8614
 1340 4900 8027
 1341 9732 4613
 1342 9330 7701
 1343 4744 89
 1344 9820 6158
 1345 8636 9693
 1346 6821 7826
 1347 1185 2850
 1348 8467 872
 1349 332 5350
 1350 6996 565
 1351 9366 6002
 1352 1596 6917
 1353 5133 6423
 1354 2448 7430
 1355 1790 6091
 1356 5712 253
 1357 6792 7635
 1358 4286 4054
 1359 2705 496
 1360 2373 4897
 1361 5819 7360
 1362 5199 7099
 1363 6277 5451
 1364 2137 2437
 1365 2584 2328
 1366 9907 4029
 1367 393 7495
 1368 2373 3502
 1369 9876 5982
 1370 8199 3348
 1371 1360 4345
 1372 2344 1881
 1373 7062 7337
 1374 7455 3339
 1375 5887 1051
 1376 6242 1643
 1377 2612 5053
 1378 851 2413
 1379 4317 5484
 1380 1758 9387
 1381 8283 4686
 1382 2424 1122
 1383 1639 7020
 1384 2736 5191
 1385 6851 8979
 1386 5746 8164
 1387 6553 3309
 1388 180 9531
 1389 4893 4470
 1390 350 6843
 1391 7529 4466
 1392 9502 1673
 1393 6092 7837
 1394 1770 9161
 1395 3641 9992
 1396 4529 5882
 1397 994 9833
 1398 6286 8199
 1399 6878 380
 1400 2086 852
 1401 9193 7171
 1402 2572 1406
 1403 5927 4818
 1404 9234 6833
 1405 8406 5708
 1406 301 4986
 1407 1724 5426
 1408 6322 8657
 1409 1654 4168
 1410 1083 8560
 1411 6706 6231
 1412 9840 6818
 1413 5158 6559
 1414 427 2304
 1415 2415 6106
 1416 7447 313
 1417 6668 6416
 1418 2514 4171
 1419 3622 7417
 1420 8077 2386
 1421 6592 6372
 1422 5667 3585
 1423 663 8096
 1424 8890 5463
 1425 7494 7060
 1426 866 702
 1427 6038 3740
 1428 6370 2837
 1429 957 9572
 1430 1778 167
 1431 7262 7815
 1432 9048 3447
 1433 6336 5832
 1434 6684 7000
 1435 7614 1302
 1436 551 6681
 1437 7230 2212
 1438 68 2579
 1439 8782 6
 1440 6578 765
 1441 8504 2240
 1442 9096 746
 1443 5793 6752
 1444 2425 8728
 1445 8655 4147
 1446 4255 4140
 1447 5643 3481
 1448 7730 9213
 1449 5261 6112
 1450 6578 5584
 1451 6483 5336
 1452 1488 7912
 1453 5680 2057
 1454 161 5505
 1455 9069 5404
 1456 1207 6498
 1457 3078 9864
 1458 9434 4698
 1459 5364 4813
 1460 9386 443
 1461 1417 2961
 1462 1813 3410
 1463 2929 5696
 1464 997 3338
 1465 9955 6899
 1466 7686 503
 1467 3152 4651
 1468 5785 777
 1469 3545 7559
 1470 9697 9915
 1471 1430 5751
 1472 336 454
 1473 713 6931
 1474 5891 4239
 1475 830 7759
 1476 8203 1648
 1477 8218 955
 1478 6058 8486
 1479 3741 6
 1480 3876 1661
 1481 1648 8649
 1482 466 6167
 1483 7929 6109
 1484 3142 6778
 1485 2281 2246
 1486 9773 3827
 1487 6749 296
 1488 5353 6837
 1489 5098 4061
 1490 5201 6717
 1491 7974 5015
 1492 5074 4623
 1493 5781 9375
 1494 3304 8096
 1495 9964 1992
 1496 1663 2433
 1497 2858 1823
 1498 4409 2025
 1499 9418 1805
 1500 8180 3381
 1501 943 7188
 1502 8880 681
 1503 8407 5942
 1504 4387 6665
 1505 6381 6494
 1506 5543 2338
 1507 819 6246
 1508 1760 1116
 1509 8304 352
 1510 4210 183
 1511 3485 406
 1512 899 8914
 1513 8646 1646
 1514 7789 5154
 1515 5421 8526
 1516 637 896
 1517 5200 9159
 1518 9602 1676
 1519 7657 1705
 1520 2870 7365
 1521 1933 7223
 1522 2791 7304
 1523 626 2445
 1524 8069 82
 1525 5584 3565
 1526 8267 4449
 1527 3278 6531
 1528 1366 5697
 1529 2265 2869
 1530 642 4725
 1531 1905 1885
 1532 5763 188
 1533 296 3376
 1534 8183 2161
 1535 6409 6515
 1536 5773 7490
 1537 4549 7115
 1538 3010 3679
 1539 1498 8945
 1540 7847 1716
 1541 2743 2897
 1542 293 2134
 1543 2401 8292
 1544 7810 5122
 1545 1301 6120
 1546 4693 1029
 1547 3494 7460
 1548 5245 9067
 1549 6261 6309
 1550 3301 9052
 1551 4788 1219
 1552 364 766
 1553 3179 5311
 1554 149 7275
 1555 8204 1362
 1556 3847 4920
 1557 2433 5408
 1558 1207 7168
 1559 2918 3454
 1560 2778 7079
 1561 468 3450
 1562 7529 8367
 1563 7062 2275
 1564 6482 6376
 1565 2528 2636
 1566 5093 9315
 1567 9515 2940
 1568 2459 3698
 1569 6996 273
 1570 7450 9033
 1571 6825 3677
 1572 2427 6372
 1573 2653 2000
 1574 1437 4541
 1575 2021 5442
 1576 5304 1120
 1577 9948 2415
 1578 103 2241
 1579 7504 4658
 1580 762 6463
 1581 9611 8157
 1582 6059 4531
 1583 7897 9453
 1584 9665 7875
 1585 4064 5163
 1586 6945 5063
 1587 5733 2143
 1588 6139 1089
 1589 7681 6833
 1590 5366 7077
 1591 3505 9683
 1592 1361 9131
 1593 8856 398
 1594 1669 6363
 1595 1488 3278
 1596 2916 6154
 1597 8318 7009
 1598 3544 1939
 1599 4001 6049
 1600 9085 6176
 1601 8092 1790
 1602 2553 7680
 1603 6861 726
 1604 810 357
 1605 8891 9592
 1606 5029 7947
 1607 4281 9370
 1608 5918 7446
 1609 1440 6933
 1610 9518 1198
 1611 5779 5599
 1612 9042 9289
 1613 2454 5764
 1614 1970 6961
 1615 6289 869
 1616 6997 8351
 1617 1930 3963
 1618 5725 7736
 1619 9684 380
 1620 2241 8860
 1621 2828 6932
 1622 3669 2469
 1623 4723 8965
 1624 5025 8803
 1625 984 4962
 1626 6436 2986
 1627 2336 7612
 1628 5103 8344
 1629 7233 2516
 1630 5785 3618
 1631 1283 68
 1632 7928 1601
 1633 4012 7223
 1634 5606 1485
 1635 8676 7080
 1636 6846 7382
 1637 3755 955
 1638 2542 3915
 1639 8159 5517
 1640 4670 1773
 1641 4953 2532
 1642 8269 1262
 1643 9492 3414
 1644 7360 1110
 1645 4498 1194
 1646 2548 9600
 1647 5925 45
 1648 4361 9946
 1649 1508 673
 1650 1209 9092
 1651 3832 1838
 1652 1486 8902
 1653 8446 5488
 1654 6627 5261
 1655 6301 6683
 1656 7670 4775
 1657 8468 4045
 1658 3971 7293
 1659 1933 1386
 1660 226 9752
 1661 3774 8551
 1662 107 558
 1663 6637 9252
 1664 2054 6856
 1665 4942 4061
 1666 6994 7240
 1667 9366 753
 1668 6214 5723
 1669 6532 8111
 1670 9032 4124
 1671 9297 1148
 1672 7848 7894
 1673 260 683
 1674 4197 9840
 1675 4700 3833
 1676 9203 7038
 1677 5840 2871
 1678 4359 2479
 1679 251 3543
 1680 9644 1882
 1681 8213 5048
 1682 3016 3742
 1683 5354 6997
 1684 3783 9314
 1685 1068 6790
 1686 6425 6667
 1687 6157 9913
 1688 5601 7030
 1689 5438 4854
 1690 8761 9308
 1691 3212 4347
 1692 7065 2870
 1693 4120 4860
 1694 503 4373
 1695 4971 5731
 1696 1051 6375
 1697 2568 521
 1698 8463 869
 1699 3199 4581
 1700 9784 2302
 1701 4591 8332
 1702 6357 3481
 1703 7533 149
 1704 4253 8468
 1705 4727 4517
 1706 5033 6420
 1707 9911 6640
 1708 1332 7180
 1709 6773 9949
 1710 2101 9604
 1711 6615 6973
 1712 1257 704
 1713 3163 7792
 1714 4735 9625
 1715 6821 4333
 1716 1493 1012
 1717 3223 6569
 1718 582 8864
 1719 9622 4853
 1720 8234 5791
 1721 8345 7395
 1722 2338 9726
 1723 9690 4378
 1724 1654 8822
 1725 1651 733
 1726 553 3987
 1727 4926 2858
 1728 390 110
 1729 4300 7973
 1730 2538 9316
 1731 5773 4038
 1732 3009 733
 1733 8481 7897
 1734 6220 382
 1735 824 3039
 1736 4174 4650
 1737 910 2595
 1738 7196 7528
 1739 3774 1733
 1740 1746 900
 1741 8753 1591
 1742 7812 8883
 1743 5541 5626
 1744 9776 1252
 1745 20 4122
 1746 5505 4464
 1747 338 9644
 1748 3230 7740
 1749 4294 3902
 1750 2487 6761
 1751 1839 9816
 1752 1076 9687
 1753 3279 4086
 1754 2220 5170
 1755 4861 5061
 1756 9350 6419
 1757 7155 4496
 1758 9856 8633
 1759 4087 689
 1760 9097 7870
 1761 9148 6349
 1762 8100 5816
 1763 4831 7529
 1764 6782 9073
 1765 4859 2410
 1766 4010 7524
 1767 4376 230
 1768 5891 5913
 1769 8807 6140
 1770 7141 5978
 1771 3115 3597
 1772 7374 826
 1773 8438 2809
 1774 5416 245
 1775 3277 4265
 1776 8058 2764
 1777 7969 9545
 1778 8337 685
 1779 3162 5772
 1780 2783 8051
 1781 441 8551
 1782 5587 1636
 1783 8891 969
 1784 9671 6632
 1785 4143 4419
 1786 7452 6452
 1787 4362 1392
 1788 4535 7671
 1789 8872 6876
 1790 2487 7625
 1791 2339 1325
 1792 450 3774
 1793 9711 1858
 1794 6161 7865
 1795 3461 870
 1796 9471 4966
 1797 9879 407
 1798 2982 1350
 1799 7610 7151
 1800 8219 5124
 1801 4088 9763
 1802 4611 9656
 1803 7864 3464
 1804 993 1355
 1805 864 3512
 1806 9350 2800
 1807 9957 5726
 1808 5024 4552
 1809 2054 1987
 1810 5210 8547
 1811 9657 5006
 1812 3573 5841
 1813 3866 3373
 1814 4490 1793
 1815 9743 2003
 1816 2441 3824
 1817 8058 1356
 1818 1936 3630
 1819 9661 1828
 1820 2296 7026
 1821 7123 5687
 1822 6439 545
 1823 1431 1085
 1824 4991 1228
 1825 4775 717
 1826 1109 6385
 1827 1453 8683
 1828 677 11
 1829 6774 1560
 1830 9651 6243
 1831 7493 3790
 1832 8782 5170
 1833 3081 7910
 1834 863 1995
 1835 5893 205
 1836 8213 1270
 1837 7880 6726
 1838 7544 6073
 1839 7364 5055
 1840 975 9551
 1841 4618 1100
 1842 1356 7609
 1843 6783 3884
 1844 4595 6783
 1845 9918 5777
 1846 2206 3050
 1847 5102 9
 1848 3736 2694
 1849 4659 7963
 1850 3787 8385
 1851 2227 8179
 1852 4327 5963
 1853 4965 2417
 1854 3058 9984
 1855 6364 2803
 1856 9434 2145
 1857 7129 5948
 1858 3984 293
 1859 5361 7881
 1860 3228 7444
 1861 4286 5072
 1862 7760 3573
 1863 4940 7612
 1864 9590 7932
 1865 8190 740
 1866 2335 9522
 1867 3534 5361
 1868 3742 2758
 1869 7595 3879
 1870 5713 9682
 1871 7887 8396
 1872 4781 4634
 1873 9847 908
 1874 1532 8657
 1875 9084 3500
 1876 5899 5634
 1877 4544 4203
 1878 294 473
 1879 9342 658
 1880 433 6864
 1881 6764 3711
 1882 8617 6318
 1883 7549 225
 1884 9007 3464
 1885 9962 1451
 1886 1597 311
 1887 5404 8782
 1888 4583 3523
 1889 6216 1381
 1890 271 5968
 1891 2125 6425
 1892 4683 1239
 1893 5697 7376
 1894 8490 4820
 1895 4212 7984
 1896 6603 7485
 1897 9319 7368
 1898 2979 3294
 1899 9833 6174
 1900 2758 6454
 1901 8120 8540
 1902 8975 7413
 1903 5816 7609
 1904 1770 5300
 1905 4053 4686
 1906 4626 3702
 1907 5252 2006
 1908 5276 9422
 1909 2298 5586
 1910 6417 4661
 1911 5413 7582
 1912 5840 6188
 1913 190 7895
 1914 106 1870
 1915 8766 508
 1916 4512 2543
 1917 4417 1661
 1918 3794 972
 1919 5193 1040
 1920 6138 5374
 1921 1795 4418
 1922 2729 1493
 1923 7956 2240
 1924 233 5910
 1925 1002 8112
 1926 6471 4197
 1927 8513 6397
 1928 897 5986
 1929 5151 9304
 1930 8410 3677
 1931 9427 1999
 1932 4007 8826
 1933 2842 8188
 1934 1177 9045
 1935 3403 9575
 1936 1143 3452
 1937 7136 5635
 1938 5589 5295
 1939 8432 1140
 1940 945 5175
 1941 5399 6772
 1942 8515 9051
 1943 8383 934
 1944 8029 4689
 1945 6113 9925
 1946 6254 3138
 1947 3184 310
 1948 3739 4695
 1949 5288 1637
 1950 7040 3188
 1951 9287 5278
 1952 9463 5778
 1953 7937 8300
 1954 6608 3957
 1955 6629 2131
 1956 2331 4067
 1957 8208 4521
 1958 3247 5526
 1959 2216 9518
 1960 7277 2647
 1961 4335 6885
 1962 843 1253
 1963 6785 2536
 1964 8675 370
 1965 6303 9072
 1966 5311 9019
 1967 2475 3385
 1968 8075 7188
 1969 3374 9163
 1970 9774 8077
 1971 5003 2491
 1972 7153 1388
 1973 4764 5665
 1974 3551 2174
 1975 1319 1795
 1976 4633 6421
 1977 1719 9465
 1978 2272 765
 1979 546 8251
 1980 4914 3152
 1981 8597 949
 1982 2411 6176
 1983 6543 6269
 1984 9918 8117
 1985 834 7293
 1986 7170 8378
 1987 1720 2521
 1988 7808 2501
 1989 5839 2000
 1990 3224 4622
 1991 4975 7136
 1992 5455 5469
 1993 9072 1133
 1994 8125 7075
 1995 6764 1513
 1996 2906 5679
 1997 2836 2514
 1998 2921 2286
 1999 5524 5438
 2000 2978 7456
 2001 1374 5742
 2002 9464 4101
 2003 9537 9816
 2004 9049 677
 2005 3854 6843
 2006 9036 256
 2007 8294 1438
 2008 6622 4071
 2009 8684 9202
 2010 4685 2082
 2011 6703 2801
 2012 1801 5059
 2013 1589 1080
 2014 9164 859
 2015 393 1754
 2016 900 2071
 2017 36 5213
 2018 9012 5812
 2019 9882 3260
 2020 5779 458
 2021 3761 6500
 2022 5349 6487
 2023 6405 8297
 2024 6964 6935
 2025 2973 57
 2026 8890 3939
 2027 6262 4728
 2028 63 7682
 2029 2702 8884
 2030 2276 5306
 2031 3571 4148
 2032 7052 111
 2033 8327 78
 2034 8884 5200
 2035 5245 2072
 2036 4925 9473
 2037 6441 7251
 2038 8605 5877
 2039 1711 7827
 2040 323 3561
 2041 9172 6639
 2042 4663 2667
 2043 1082 9764
 2044 6841 3174
 2045 1642 2767
 2046 6494 2529
 2047 842 3529
 2048 2901 3245
 2049 4613 9075
 2050 149 3510
 2051 3038 6219
 2052 9456 6543
 2053 5086 8843
 2054 5554 2726
 2055 9039 9107
 2056 4307 2680
 2057 702 6560
 2058 7050 9563
 2059 3047 3249
 2060 3439 1425
 2061 1680 6399
 2062 6917 28
 2063 6153 2310
 2064 6658 9588
 2065 6637 5098
 2066 9538 890
 2067 1112 9890
 2068 4213 8093
 2069 8327 7177
 2070 8236 9483
 2071 7772 9502
 2072 7453 5177
 2073 6155 6717
 2074 4294 2418
 2075 9856 1735
 2076 8271 4189
 2077 8689 5068
 2078 2457 989
 2079 9796 3479
 2080 5921 3968
 2081 7840 6479
 2082 9344 4221
 2083 8852 9924
 2084 7493 2590
 2085 3195 9269
 2086 2293 6302
 2087 399 2263
 2088 5500 3123
 2089 2505 919
 2090 8843 9968
 2091 21 594
 2092 614 8073
 2093 2081 8584
 2094 1860 8398
 2095 9269 4991
 2096 4523 6716
 2097 5772 203
 2098 6632 7102
 2099 8883 6138
 2100 168 3785
 2101 207 2016
 2102 5883 3229
 2103 8241 3571
 2104 3691 5520
 2105 8880 6869
 2106 5651 8426
 2107 5669 8139
 2108 7985 831
 2109 2737 5479
 2110 863 3177
 2111 8738 2860
 2112 2054 7807
 2113 3521 5467
 2114 5052 5237
 2115 4673 9954
 2116 3599 106
 2117 3713 5467
 2118 5075 3190
 2119 2214 536
 2120 6 7291
 2121 2847 1335
 2122 1381 5593
 2123 6499 4615
 2124 3729 4358
 2125 5818 4951
 2126 4762 5217
 2127 1907 4969
 2128 2063 9313
 2129 1214 7674
 2130 8626 9830
 2131 8536 3726
 2132 2435 2629
 2133 6804 3277
 2134 2746 4085
 2135 9139 1429
 2136 9910 3365
 2137 6793 6331
 2138 8100 4377
 2139 9105 6430
 2140 3854 8164
 2141 6525 9046
 2142 2041 3605
 2143 5003 944
 2144 4142 3503
 2145 4878 10000
 2146 4872 208
 2147 4929 9715
 2148 8265 47
 2149 4581 1083
 2150 2370 1746
 2151 7875 4657
 2152 1056 1003
 2153 5964 9605
 2154 7598 5862
 2155 3655 3615
 2156 1815 3501
 2157 2859 4283
 2158 4396 2106
 2159 4994 2097
 2160 696 2778
 2161 2744 7266
 2162 5077 9109
 2163 8067 7101
 2164 9020 678
 2165 2924 2200
 2166 3986 5395
 2167 9908 7200
 2168 2442 8287
 2169 3758 6759
 2170 7097 8848
 2171 4275 7323
 2172 9315 3239
 2173 2143 5600
 2174 4590 167
 2175 2383 4109
 2176 6976 6521
 2177 4125 4630
 2178 6347 4440
 2179 3882 9038
 2180 7512 2487
 2181 8875 8370
 2182 2079 5895
 2183 4351 1234
 2184 1028 8737
 2185 6981 2706
 2186 3815 5145
 2187 7375 6922
 2188 3715 2120
 2189 3265 6548
 2190 6641 6003
 2191 7590 6758
 2192 9748 2635
 2193 4369 2196
 2194 617 1961
 2195 5533 5692
 2196 362 2439
 2197 1575 3086
 2198 4228 9148
 2199 7314 9346
 2200 2540 1752
 2201 2905 4566
 2202 9196 3449
 2203 9871 7002
 2204 2275 7959
 2205 4046 7656
 2206 2970 3403
 2207 703 9888
 2208 1610 6300
 2209 787 6585
 2210 2551 2859
 2211 7682 1519
 2212 2157 6962
 2213 8169 3895
 2214 1351 1509
 2215 873 4743
 2216 9028 137
 2217 7534 3726
 2218 5476 3213
 2219 3858 2238
 2220 968 2803
 2221 5066 2636
 2222 1200 4291
 2223 6556 3401
 2224 5962 2646
 2225 9544 6496
 2226 5333 7612
 2227 9788 8313
 2228 6032 9833
 2229 4397 6972
 2230 3192 4036
 2231 9113 9912
 2232 3357 5563
 2233 7706 2103
 2234 3997 7498
 2235 2377 2759
 2236 2994 5782
 2237 3118 4194
 2238 44 6888
 2239 7441 969
 2240 5104 412
 2241 5799 5232
 2242 1174 1644
 2243 1447 3347
 2244 4852 4690
 2245 5044 8205
 2246 8735 3397
 2247 5605 6800
 2248 2215 182
 2249 4842 88
 2250 3393 6418
 2251 4805 6032
 2252 6280 3989
 2253 9026 8644
 2254 5553 825
 2255 6773 8501
 2256 7861 3939
 2257 2488 9854
 2258 3640 8640
 2259 2373 9988
 2260 1844 7035
 2261 2092 8293
 2262 7905 2818
 2263 9831 8348
 2264 2724 7074
 2265 2675 8867
 2266 2021 6161
 2267 2479 7535
 2268 8207 245
 2269 9735 1651
 2270 1232 4604
 2271 3590 3289
 2272 7274 8772
 2273 3329 987
 2274 6415 7785
 2275 8623 2400
 2276 6576 6791
 2277 5242 2734
 2278 8999 2438
 2279 6703 3653
 2280 1963 8677
 2281 2376 3996
 2282 2212 8914
 2283 8717 656
 2284 5537 2799
 2285 2084 7260
 2286 621 4196
 2287 6019 1782
 2288 5086 7299
 2289 7223 9775
 2290 4182 3532
 2291 8273 7348
 2292 3467 9241
 2293 3552 6876
 2294 6265 6005
 2295 9004 8536
 2296 9382 4290
 2297 5533 5417
 2298 7928 4474
 2299 7910 9963
 2300 247 9681
 2301 5817 9058
 2302 9389 580
 2303 9748 5452
 2304 9203 8696
 2305 3227 4256
 2306 9206 9395
 2307 9535 3184
 2308 5977 970
 2309 5452 9987
 2310 3488 3579
 2311 9344 2931
 2312 8257 8463
 2313 486 4626
 2314 7193 3973
 2315 9093 9045
 2316 5149 539
 2317 9539 4050
 2318 9102 5180
 2319 2220 9216
 2320 8280 8965
 2321 1350 8984
 2322 7235 4961
 2323 3893 1366
 2324 7489 3946
 2325 9899 8101
 2326 845 3095
 2327 3352 1608
 2328 5880 3920
 2329 5900 6744
 2330 4031 8801
 2331 3316 3431
 2332 248 2563
 2333 9653 3626
 2334 2033 7470
 2335 9488 1091
 2336 8964 277
 2337 169 7017
 2338 8861 839
 2339 748 4718
 2340 1531 153
 2341 7088 7430
 2342 7383 7072
 2343 68 9554
 2344 9638 7356
 2345 993 6013
 2346 8586 619
 2347 794 5540
 2348 8542 3530
 2349 7765 8648
 2350 1026 5826
 2351 3328 5422
 2352 8532 8543
 2353 196 9826
 2354 8217 2744
 2355 8311 6991
 2356 7445 4278
 2357 1820 6588
 2358 3370 4242
 2359 2965 7431
 2360 3249 9098
 2361 5879 2778
 2362 7871 2010
 2363 3941 957
 2364 599 1636
 2365 7265 1367
 2366 1770 272
 2367 8848 9471
 2368 4142 9975
 2369 4942 6936
 2370 8617 7356
 2371 5401 6422
 2372 9441 1036
 2373 1263 5946
 2374 4518 8991
 2375 6488 2959
 2376 9697 7847
 2377 7224 1430
 2378 5265 7877
 2379 7594 6101
 2380 2847 3570
 2381 7021 6049
 2382 7797 1939
 2383 836 7843
 2384 5779 9154
 2385 9708 3483
 2386 9997 9280
 2387 4131 8319
 2388 5734 1008
 2389 6986 5028
 2390 6269 2033
 2391 1033 8004
 2392 9674 1974
 2393 9572 6864
 2394 3459 3298
 2395 1785 9800
 2396 3083 5833
 2397 617 1681
 2398 3789 5460
 2399 9247 8658
 2400 9475 8263
 2401 1418 4080
 2402 2530 4724
 2403 3468 1246
 2404 2619 5041
 2405 940 1020
 2406 2337 9617
 2407 9012 3164
 2408 2116 1788
 2409 5851 4769
 2410 8325 961
 2411 8972 451
 2412 523 6762
 2413 5044 6678
 2414 353 4921
 2415 5841 6676
 2416 7640 3807
 2417 3542 884
 2418 3787 9444
 2419 1761 7908
 2420 5452 2121
 2421 6757 9290
 2422 5562 4214
 2423 6476 939
 2424 8754 2947
 2425 1689 3254
 2426 5573 4321
 2427 2565 9336
 2428 5628 7236
 2429 775 7355
 2430 4527 6357
 2431 7749 4474
 2432 7559 9725
 2433 5961 6675
 2434 4197 3787
 2435 5381 8357
 2436 2132 7899
 2437 5958 7025
 2438 7726 1862
 2439 5659 8923
 2440 8596 731
 2441 8693 12
 2442 1393 1871
 2443 9792 7229
 2444 1580 3421
 2445 604 6367
 2446 290 2230
 2447 283 3204
 2448 5394 9995
 2449 5890 6067
 2450 3752 341
 2451 983 772
 2452 373 5768
 2453 6561 4634
 2454 9993 8302
 2455 7528 9346
 2456 3150 6134
 2457 8405 8691
 2458 3755 5330
 2459 9819 6176
 2460 8409 6432
 2461 7711 254
 2462 3042 3784
 2463 3686 4986
 2464 6791 4254
 2465 1054 7947
 2466 5017 1178
 2467 6164 530
 2468 8871 907
 2469 1459 1823
 2470 4247 108
 2471 2714 7865
 2472 3993 4637
 2473 5876 5117
 2474 5532 2298
 2475 1533 33
 2476 6400 4391
 2477 8060 8456
 2478 2726 3544
 2479 363 8763
 2480 428 9281
 2481 320 5188
 2482 3237 739
 2483 6858 1573
 2484 3034 54
 2485 977 6541
 2486 4653 6169
 2487 2791 931
 2488 134 7084
 2489 8778 5565
 2490 4123 522
 2491 2483 662
 2492 7657 3238
 2493 9114 4403
 2494 2692 6125
 2495 2314 7377
 2496 6400 3883
 2497 8887 6529
 2498 3086 3759
 2499 5430 7583
 2500 5242 8540
 2501 3908 2209
 2502 1257 9219
 2503 5515 4513
 2504 6483 835
 2505 9204 303
 2506 3717 2719
 2507 2292 2450
 2508 3992 8540
 2509 2944 7790
 2510 669 6836
 2511 2849 543
 2512 9999 3292
 2513 6212 251
 2514 6674 5819
 2515 6047 2508
 2516 4140 5019
 2517 3300 9787
 2518 7942 234
 2519 9076 8550
 2520 8543 2993
 2521 4268 2490
 2522 1180 475
 2523 5158 8501
 2524 8725 7198
 2525 8183 1090
 2526 2527 5383
 2527 6536 1986
 2528 1204 26
 2529 5959 6341
 2530 7315 1214
 2531 1353 5987
 2532 4420 4666
 2533 8389 532
 2534 2009 1400
 2535 4446 9371
 2536 7411 5437
 2537 3583 4946
 2538 1320 7358
 2539 4516 7158
 2540 2973 5803
 2541 5607 7656
 2542 1230 19
 2543 7906 5937
 2544 7585 9079
 2545 8065 9804
 2546 3370 8339
 2547 5398 5704
 2548 7562 1114
 2549 3628 8646
 2550 7051 1795
 2551 1023 3891
 2552 484 713
 2553 6596 4748
 2554 2463 8002
 2555 3319 9891
 2556 9801 9841
 2557 915 9311
 2558 6682 9534
 2559 4735 9603
 2560 9084 9517
 2561 9136 413
 2562 9901 8162
 2563 6317 411
 2564 1257 9932
 2565 7692 7800
 2566 8074 5171
 2567 1936 8298
 2568 2257 9755
 2569 8166 714
 2570 7425 5585
 2571 3110 1448
 2572 5773 6248
 2573 3630 1498
 2574 7177 6909
 2575 1902 3319
 2576 5295 838
 2577 3428 7400
 2578 2437 441
 2579 9502 5834
 2580 9052 5232
 2581 4951 5831
 2582 6344 2628
 2583 2722 1934
 2584 38 3323
 2585 8255 3573
 2586 4553 1430
 2587 6135 9554
 2588 3650 6067
 2589 7144 6778
 2590 3911 2500
 2591 389 7988
 2592 3918 6240
 2593 8259 9286
 2594 3713 5637
 2595 3224 8142
 2596 5342 1012
 2597 7284 7255
 2598 4780 3481
 2599 1941 7814
 2600 5471 2680
 2601 7873 5115
 2602 3406 8183
 2603 3682 6752
 2604 5185 7269
 2605 8857 1959
 2606 3606 2170
 2607 4658 5589
 2608 2231 577
 2609 4347 2483
 2610 460 6561
 2611 1082 5196
 2612 8309 6402
 2613 238 6468
 2614 1954 5623
 2615 4309 7129
 2616 7076 5119
 2617 5873 8200
 2618 3436 4313
 2619 9442 9571
 2620 6459 6956
 2621 406 3329
 2622 7359 962
 2623 3245 4508
 2624 7356 978
 2625 3031 5312
 2626 2341 1029
 2627 8226 6736
 2628 9595 9557
 2629 4904 5558
 2630 865 7839
 2631 7754 5017
 2632 552 9110
 2633 7765 4825
 2634 5275 6937
 2635 4552 9392
 2636 8401 2826
 2637 8035 8235
 2638 6607 8281
 2639 4131 9887
 2640 1168 9710
 2641 2633 4212
 2642 7167 4211
 2643 1446 6820
 2644 4165 6901
 2645 8577 6447
 2646 8445 3945
 2647 3657 5193
 2648 4299 8047
 2649 7649 5368
 2650 3715 3058
 2651 3987 5698
 2652 7448 2421
 2653 5880 1400
 2654 519 4282
 2655 1964 5508
 2656 7749 3858
 2657 8711 3512
 2658 3284 6116
 2659 4659 9107
 2660 6552 1616
 2661 8356 7623
 2662 6134 716
 2663 5120 21
 2664 4493 1980
 2665 6834 5593
 2666 8273 424
 2667 7275 8140
 2668 2123 6559
 2669 4092 2040
 2670 738 1530
 2671 9150 4630
 2672 8879 235
 2673 8168 264
 2674 3284 7621
 2675 8230 4883
 2676 4375 4985
 2677 965 9516
 2678 2632 606
 2679 8555 3909
 2680 7750 4533
 2681 473 4071
 2682 9704 2796
 2683 5436 691
 2684 9980 5291
 2685 1039 2514
 2686 9615 4436
 2687 5602 3894
 2688 1726 4164
 2689 7467 3257
 2690 1264 7164
 2691 3220 7587
 2692 2109 1085
 2693 8762 1897
 2694 2777 1451
 2695 1722 4087
 2696 3063 9096
 2697 9807 2299
 2698 9967 9482
 2699 9006 1061
 2700 777 1384
 2701 7525 8407
 2702 2750 614
 2703 2840 7790
 2704 553 238
 2705 7427 3532
 2706 6200 3748
 2707 5686 2243
 2708 4113 6581
 2709 701 2549
 2710 6822 1726
 2711 1194 205
 2712 6976 8848
 2713 4324 6780
 2714 7675 8513
 2715 6570 8155
 2716 9353 4923
 2717 2642 7706
 2718 6647 1402
 2719 5675 9192
 2720 4211 5961
 2721 2641 1619
 2722 1444 2048
 2723 4626 9058
 2724 514 7263
 2725 2241 6514
 2726 989 7830
 2727 5210 7379
 2728 8824 3
 2729 6493 2759
 2730 3327 7773
 2731 4155 6130
 2732 8930 9199
 2733 6487 3195
 2734 1491 6907
 2735 6282 1888
 2736 6734 8175
 2737 7251 8635
 2738 6969 4033
 2739 6829 2287
 2740 2234 5546
 2741 1579 592
 2742 1657 4518
 2743 6030 298
 2744 8631 1866
 2745 180 6843
 2746 7393 605
 2747 3686 3331
 2748 5298 5441
 2749 9477 7959
 2750 9229 3668
 2751 8613 1640
 2752 391 5305
 2753 7199 1012
 2754 5596 5977
 2755 6403 6718
 2756 3914 2020
 2757 7099 6122
 2758 6761 1582
 2759 8224 6115
 2760 9893 3600
 2761 3927 2011
 2762 9812 6731
 2763 9274 2154
 2764 5988 4940
 2765 3223 6479
 2766 1753 1828
 2767 6228 3461
 2768 6707 3189
 2769 4385 4008
 2770 3081 6772
 2771 7747 845
 2772 8951 4614
 2773 939 3694
 2774 4706 817
 2775 1039 2115
 2776 5926 1442
 2777 2747 4390
 2778 6821 9748
 2779 4611 7320
 2780 5876 3394
 2781 5414 8137
 2782 9077 4943
 2783 3612 3221
 2784 5221 9158
 2785 2598 9888
 2786 3463 5399
 2787 6340 3336
 2788 8567 6128
 2789 211 4219
 2790 976 103
 2791 9321 5694
 2792 5178 206
 2793 8373 3129
 2794 7860 4701
 2795 9377 7580
 2796 6454 6938
 2797 1174 1539
 2798 5785 1068
 2799 3803 417
 2800 5269 3684
 2801 7495 4984
 2802 2034 9934
 2803 1324 2364
 2804 9723 637
 2805 917 5078
 2806 2587 4384
 2807 1716 4116
 2808 6926 6137
 2809 2267 5484
 2810 6224 3034
 2811 592 4334
 2812 4594 8642
 2813 7831 4898
 2814 1081 7982
 2815 236 3989
 2816 1697 7414
 2817 9343 4515
 2818 84 4877
 2819 4968 3631
 2820 7764 5253
 2821 4887 6165
 2822 7310 634
 2823 1924 7306
 2824 7752 2689
 2825 3070 8884
 2826 4949 4574
 2827 8169 5257
 2828 5742 3285
 2829 3233 7811
 2830 2892 8815
 2831 5450 2477
 2832 8723 9793
 2833 6007 7073
 2834 5914 9052
 2835 3213 5847
 2836 4502 2998
 2837 6444 6626
 2838 9768 2420
 2839 6517 9201
 2840 8832 6557
 2841 1819 317
 2842 9186 4599
 2843 5860 5533
 2844 2544 1995
 2845 5938 6412
 2846 7568 5190
 2847 3201 9209
 2848 8729 1774
 2849 356 6389
 2850 898 6536
 2851 2240 4437
 2852 2232 5443
 2853 9008 4911
 2854 4915 5714
 2855 3247 2772
 2856 2032 233
 2857 2466 9733
 2858 4929 6694
 2859 8739 2603
 2860 4844 4248
 2861 4639 8981
 2862 3568 5273
 2863 7008 7500
 2864 1074 5314
 2865 5827 6807
 2866 1405 1142
 2867 44 3220
 2868 8549 434
 2869 1804 4468
 2870 9057 4071
 2871 5401 6177
 2872 7458 7325
 2873 7956 9635
 2874 6581 3074
 2875 6540 7906
 2876 2046 1914
 2877 7967 1643
 2878 4832 36
 2879 5813 3789
 2880 588 201
 2881 735 6757
 2882 3374 3787
 2883 5079 4175
 2884 9561 2264
 2885 6752 968
 2886 3224 4823
 2887 904 1327
 2888 1373 1365
 2889 2785 496
 2890 35 5003
 2891 9929 9897
 2892 295 9633
 2893 569 836
 2894 4578 8816
 2895 9511 5645
 2896 8164 8287
 2897 6379 7388
 2898 2135 7179
 2899 1443 418
 2900 2713 9471
 2901 7414 4333
 2902 450 7307
 2903 8068 4117
 2904 4761 1052
 2905 5071 736
 2906 4864 8884
 2907 9368 9901
 2908 1724 6646
 2909 6244 3307
 2910 4978 6817
 2911 3785 8866
 2912 8514 3727
 2913 6935 5593
 2914 425 3290
 2915 690 7332
 2916 1997 8688
 2917 1041 2930
 2918 8136 7553
 2919 1361 2657
 2920 4078 4459
 2921 5383 6837
 2922 3591 9791
 2923 4283 8029
 2924 7971 8711
 2925 7291 2930
 2926 3006 1096
 2927 5751 2091
 2928 28 8160
 2929 9539 9837
 2930 2175 6285
 2931 1847 2631
 2932 370 3115
 2933 5730 3727
 2934 7563 8730
 2935 6277 8736
 2936 9762 4403
 2937 4292 3966
 2938 2149 9628
 2939 7543 5337
 2940 2762 6272
 2941 2225 3409
 2942 2445 1486
 2943 4801 2634
 2944 19 1029
 2945 2842 6944
 2946 3908 5583
 2947 5381 8540
 2948 7548 4068
 2949 9039 6984
 2950 6158 191
 2951 5289 3888
 2952 8004 9351
 2953 5998 2469
 2954 5136 2196
 2955 6426 6930
 2956 8875 2729
 2957 4584 1619
 2958 3880 8830
 2959 1021 3212
 2960 5862 9320
 2961 6232 2393
 2962 574 4798
 2963 2564 9412
 2964 8552 1256
 2965 8656 2784
 2966 1019 4611
 2967 302 2369
 2968 8092 9872
 2969 9920 3661
 2970 2857 1484
 2971 8664 5345
 2972 9267 8652
 2973 5628 6860
 2974 7446 8343
 2975 5943 5175
 2976 6127 8952
 2977 3930 5827
 2978 3017 9995
 2979 9149 92
 2980 4276 6989
 2981 6660 3193
 2982 9675 2950
 2983 6390 2566
 2984 1422 6298
 2985 8974 3870
 2986 8765 8369
 2987 9314 2600
 2988 8470 1189
 2989 5938 1500
 2990 8166 7675
 2991 2346 4568
 2992 8873 1596
 2993 1368 6801
 2994 1856 1479
 2995 1781 6165
 2996 9749 5654
 2997 8905 8812
 2998 7934 9437
 2999 168 1534
 3000 2174 6454
 3001 996 355
 3002 2752 6936
 3003 6961 8579
 3004 5871 3053
 3005 2648 5958
 3006 114 1726
 3007 7370 4205
 3008 1465 5036
 3009 838 476
 3010 2598 5057
 3011 9242 1719
 3012 2835 5292
 3013 2424 5804
 3014 4145 5321
 3015 8941 295
 3016 6846 1727
 3017 5546 7771
 3018 6543 8484
 3019 4737 1624
 3020 8176 8444
 3021 1863 8904
 3022 8669 5849
 3023 6720 5997
 3024 5716 3596
 3025 5193 5214
 3026 8257 989
 3027 5366 7157
 3028 8083 8538
 3029 1886 4933
 3030 3744 6042
 3031 2186 965
 3032 9401 8539
 3033 2701 8868
 3034 2248 3204
 3035 5430 9326
 3036 4767 5659
 3037 3655 4968
 3038 4467 2182
 3039 535 4852
 3040 2982 4803
 3041 7642 7829
 3042 2613 8964
 3043 7404 2258
 3044 7321 9249
 3045 9424 8710
 3046 8071 3882
 3047 3475 1809
 3048 9552 1099
 3049 8892 6533
 3050 8814 3862
 3051 9834 5438
 3052 2171 5535
 3053 4354 350
 3054 4182 2356
 3055 7905 796
 3056 5083 4209
 3057 2368 6843
 3058 1151 6199
 3059 5233 7965
 3060 515 7765
 3061 3775 1598
 3062 241 3736
 3063 437 9253
 3064 7977 4064
 3065 790 5916
 3066 3774 4977
 3067 9628 8700
 3068 1479 9230
 3069 3320 722
 3070 683 7574
 3071 6519 944
 3072 4718 754
 3073 1940 1094
 3074 1135 3634
 3075 5113 18
 3076 4761 40
 3077 6912 8881
 3078 2699 891
 3079 9934 8165
 3080 724 9094
 3081 3999 3269
 3082 1006 2471
 3083 5897 634
 3084 1169 7904
 3085 2051 7665
 3086 6401 3605
 3087 802 2396
 3088 7658 8450
 3089 2629 5226
 3090 1295 2777
 3091 8740 565
 3092 1943 4783
 3093 9448 1054
 3094 1789 7605
 3095 6861 8207
 3096 9528 9614
 3097 8860 7934
 3098 1919 2806
 3099 1432 3161
 3100 3776 4477
 3101 2786 6506
 3102 4195 6509
 3103 4693 5408
 3104 2726 4940
 3105 5836 8221
 3106 4264 5939
 3107 6060 456
 3108 4234 2062
 3109 7636 3062
 3110 8534 8308
 3111 2741 2231
 3112 8834 9796
 3113 729 9356
 3114 5471 9052
 3115 3100 2258
 3116 6837 3243
 3117 9922 2989
 3118 8144 7208
 3119 6137 6867
 3120 2074 5024
 3121 6233 1781
 3122 393 336
 3123 3899 5247
 3124 9529 280
 3125 8845 1507
 3126 8111 291
 3127 3034 3558
 3128 6002 2995
 3129 6586 923
 3130 8645 2244
 3131 254 2707
 3132 1339 92
 3133 7357 132
 3134 3458 3371
 3135 935 3304
 3136 6420 9227
 3137 3731 9230
 3138 47 8577
 3139 3312 6568
 3140 2220 2846
 3141 8911 9968
 3142 6059 1627
 3143 1499 3423
 3144 586 5956
 3145 7234 4314
 3146 9781 1123
 3147 4357 6270
 3148 6964 9136
 3149 7083 9989
 3150 6318 5363
 3151 3323 9594
 3152 2686 3190
 3153 5422 3893
 3154 1033 465
 3155 4469 7672
 3156 9798 7338
 3157 8184 5005
 3158 9090 759
 3159 5382 4623
 3160 1377 9017
 3161 7716 9964
 3162 5264 9911
 3163 787 4015
 3164 9194 9272
 3165 9573 419
 3166 4618 5010
 3167 6119 246
 3168 4520 3514
 3169 8601 9052
 3170 2657 649
 3171 6629 741
 3172 3879 5984
 3173 5586 7174
 3174 4130 8813
 3175 7873 7041
 3176 8926 6256
 3177 1792 7824
 3178 7130 2208
 3179 793 3033
 3180 521 1349
 3181 8497 1852
 3182 261 3182
 3183 5977 6724
 3184 7079 6807
 3185 2420 1616
 3186 6502 7270
 3187 4648 1755
 3188 6226 6196
 3189 2741 6443
 3190 1106 8321
 3191 3237 7535
 3192 4154 6371
 3193 7444 9942
 3194 9404 9974
 3195 5352 1882
 3196 9043 5507
 3197 2942 5677
 3198 1941 1134
 3199 6713 4982
 3200 5029 3558
 3201 6621 8487
 3202 8399 5800
 3203 6522 2505
 3204 688 176
 3205 7409 2372
 3206 5753 9028
 3207 5127 3882
 3208 3364 6964
 3209 9596 1924
 3210 3619 5304
 3211 7303 9933
 3212 6871 9955
 3213 4365 3845
 3214 8311 4223
 3215 8986 3655
 3216 4216 4654
 3217 4650 4977
 3218 6783 6901
 3219 4220 7705
 3220 4538 5762
 3221 424 7282
 3222 3666 4210
 3223 9762 113
 3224 7995 7815
 3225 9891 3864
 3226 2453 6210
 3227 1636 3248
 3228 3166 5681
 3229 2705 2137
 3230 2280 395
 3231 611 5003
 3232 7530 1887
 3233 189 967
 3234 7486 7930
 3235 8188 6745
 3236 7881 5529
 3237 9454 9002
 3238 686 7605
 3239 3812 9966
 3240 7968 1104
 3241 156 5173
 3242 9472 848
 3243 8184 1793
 3244 50 1942
 3245 5747 8004
 3246 7212 9272
 3247 6209 233
 3248 5516 2989
 3249 7929 2336
 3250 7335 7051
 3251 9822 2097
 3252 4817 7532
 3253 2484 6632
 3254 6159 4450
 3255 1282 3102
 3256 7445 6503
 3257 7169 4548
 3258 3128 3798
 3259 3415 6641
 3260 5134 6496
 3261 9007 7658
 3262 9698 1032
 3263 6742 3615
 3264 1998 9791
 3265 4806 2201
 3266 3021 3439
 3267 8619 1624
 3268 5925 4788
 3269 3477 3025
 3270 8892 7674
 3271 3039 7524
 3272 5906 488
 3273 3124 2054
 3274 9892 6971
 3275 5477 6391
 3276 3353 5553
 3277 1322 3773
 3278 4992 7137
 3279 4497 342
 3280 4777 183
 3281 8346 8854
 3282 9424 8205
 3283 3826 4393
 3284 1459 6151
 3285 5040 4468
 3286 7671 9534
 3287 8549 1760
 3288 4312 6933
 3289 8526 8659
 3290 8090 6075
 3291 1802 7773
 3292 2918 5428
 3293 5628 5298
 3294 5091 800
 3295 2976 6191
 3296 9030 3194
 3297 7070 4917
 3298 8306 1852
 3299 3368 7604
 3300 477 5759
 3301 9547 3097
 3302 109 5141
 3303 8264 6858
 3304 7569 1235
 3305 8390 9089
 3306 2622 5332
 3307 9990 3701
 3308 6082 1906
 3309 9852 6428
 3310 8816 9503
 3311 5784 1673
 3312 360 9564
 3313 2465 974
 3314 376 6483
 3315 2352 7552
 3316 7421 3625
 3317 2402 6621
 3318 5853 266
 3319 1897 1172
 3320 8312 3541
 3321 9860 3617
 3322 2792 4741
 3323 3881 6858
 3324 5281 5193
 3325 5494 5426
 3326 2632 4428
 3327 9940 5192
 3328 6531 1123
 3329 3746 4134
 3330 3745 4245
 3331 6613 2033
 3332 7912 3242
 3333 7524 6864
 3334 6828 3251
 3335 1241 4244
 3336 600 1722
 3337 1525 702
 3338 5427 4585
 3339 2095 7250
 3340 9205 4024
 3341 2058 7681
 3342 7777 6435
 3343 3139 8143
 3344 412 5893
 3345 8782 4662
 3346 2426 1612
 3347 1174 8931
 3348 1475 6284
 3349 8135 4657
 3350 1718 9448
 3351 6745 3634
 3352 9838 8868
 3353 6416 1001
 3354 3376 3760
 3355 4619 9701
 3356 3580 4578
 3357 6107 8597
 3358 2091 9258
 3359 4047 3767
 3360 4824 9587
 3361 6718 9957
 3362 4816 6457
 3363 4792 6197
 3364 5826 3000
 3365 5460 4939
 3366 1327 734
 3367 9001 2230
 3368 7187 9756
 3369 5971 3968
 3370 4572 3101
 3371 5891 1426
 3372 5927 9041
 3373 2280 4048
 3374 5303 2571
 3375 1283 5653
 3376 1688 9813
 3377 3147 9369
 3378 8928 403
 3379 7893 9766
 3380 2355 774
 3381 2092 2626
 3382 6576 5798
 3383 6087 7515
 3384 8123 8846
 3385 7455 2813
 3386 1177 2054
 3387 3114 9477
 3388 2745 1487
 3389 3497 7152
 3390 5459 7349
 3391 3927 6037
 3392 8039 504
 3393 4353 1665
 3394 8924 6325
 3395 3426 8435
 3396 5331 5077
 3397 3144 7149
 3398 8329 9965
 3399 8715 4621
 3400 5022 6201
 3401 5779 6964
 3402 3110 3322
 3403 6080 7852
 3404 5993 4724
 3405 9955 1850
 3406 4634 1696
 3407 2480 8675
 3408 6916 9667
 3409 8522 6303
 3410 5401 2489
 3411 5745 1821
 3412 1667 2252
 3413 1139 7371
 3414 9539 7169
 3415 4951 4249
 3416 8614 132
 3417 3842 1149
 3418 3590 8220
 3419 3453 7173
 3420 6860 8371
 3421 4967 4780
 3422 6148 4290
 3423 5847 3622
 3424 1407 786
 3425 5776 3738
 3426 8140 9112
 3427 4980 6360
 3428 8289 378
 3429 9141 2599
 3430 4952 40
 3431 3739 2452
 3432 615 4484
 3433 7054 7578
 3434 2316 3039
 3435 781 9293
 3436 1331 4368
 3437 8777 8773
 3438 3465 5616
 3439 485 5034
 3440 2486 7342
 3441 4737 9265
 3442 3317 3529
 3443 4489 2629
 3444 1742 7338
 3445 1265 3330
 3446 6216 5465
 3447 1314 6016
 3448 7285 9567
 3449 8394 5510
 3450 7662 1271
 3451 2258 7339
 3452 5201 6793
 3453 1327 327
 3454 5389 6648
 3455 8829 4551
 3456 1053 1068
 3457 2190 3957
 3458 1127 5292
 3459 9743 4545
 3460 9958 3013
 3461 522 2224
 3462 8579 4521
 3463 675 9746
 3464 8287 1367
 3465 7558 8875
 3466 7263 4779
 3467 1894 4627
 3468 304 6744
 3469 4086 741
 3470 1295 3610
 3471 3371 9870
 3472 2777 7956
 3473 6973 3962
 3474 3485 1847
 3475 3266 1774
 3476 9199 5320
 3477 5941 6773
 3478 9673 8313
 3479 2347 986
 3480 7340 3868
 3481 9369 708
 3482 1525 2989
 3483 9545 9233
 3484 3060 8686
 3485 4362 3539
 3486 3784 446
 3487 9747 5828
 3488 9396 1441
 3489 3469 752
 3490 2918 1655
 3491 4618 184
 3492 2458 3356
 3493 1807 6591
 3494 97 2956
 3495 5773 1548
 3496 7954 8735
 3497 465 2156
 3498 8198 5713
 3499 9936 9057
 3500 2969 4965
DEMAND_SECTION
 1 0
 2 14
 3 10
 4 16
 5 13
 6 17
 7 23
 8 15
 9 18
 10 12
 11 15
 12 19
 13 24
 14 8
 15 1
 16 17
 17 22
 18 9
 19 23
 20 5
 21 19
 22 23
 23 18
 24 16
 25 24
 26 8
 27 15
 28 3
 29 2
 30 23
 31 4
 32 15
 33 22
 34 16
 35 16
 36 20
 37 9
 38 21
 39 5
 40 16
 41 17
 42 2
 43 20
 44 18
 45 13
 46 7
 47 19
 48 16
 49 2
 50 6
 51 12
 52 24
 53 22
 54 15
 55 20
 56 17
 57 4
 58 18
 59 25
 60 24
 61 25
 62 3
 63 6
 64 19
 65 10
 66 8
 67 20
 68 15
 69 21
 70 14
 71 5
 72 24
 73 3
 74 2
 75 1
 76 3
 77 24
 78 18
 79 11
 80 14
 81 11
 82 5
 83 23
 84 8
 85 9
 86 16
 87 7
 88 21
 89 12
 90 18
 91 6
 92 3
 93 10
 94 13
 95 16
 96 2
 97 24
 98 17
 99 15
 100 6
 101 9
 102 2
 103 9
 104 21
 105 16
 106 13
 107 16
 108 2
 109 19
 110 21
 111 21
 112 1
 113 2
 114 13
 115 14
 116 13
 117 23
 118 12
 119 6
 120 15
 121 7
 122 13
 123 16
 124 25
 125 7
 126 24
 127 24
 128 11
 129 1
 130 17
 131 18
 132 20
 133 9
 134 14
 135 9
 136 14
 137 23
 138 11
 139 14
 140 20
 141 21
 142 20
 143 2
 144 5
 145 3
 146 5
 147 11
 148 13
 149 21
 150 23
 151 19
 152 10
 153 24
 154 20
 155 22
 156 9
 157 16
 158 15
 159 17
 160 4
 161 12
 162 8
 163 22
 164 22
 165 21
 166 18
 167 8
 168 17
 169 11
 170 16
 171 16
 172 19
 173 16
 174 17
 175 10
 176 21
 177 13
 178 7
 179 23
 180 23
 181 6
 182 23
 183 3
 184 24
 185 10
 186 10
 187 6
 188 5
 189 19
 190 18
 191 22
 192 3
 193 19
 194 6
 195 13
 196 9
 197 13
 198 2
 199 22
 200 14
 201 18
 202 19
 203 17
 204 7
 205 8
 206 17
 207 19
 208 4
 209 22
 210 5
 211 8
 212 17
 213 24
 214 7
 215 7
 216 16
 217 24
 218 23
 219 13
 220 7
 221 16
 222 12
 223 5
 224 1
 225 16
 226 7
 227 12
 228 23
 229 15
 230 22
 231 20
 232 16
 233 19
 234 22
 235 20
 236 4
 237 8
 238 1
 239 10
 240 12
 241 25
 242 22
 243 16
 244 15
 245 2
 246 25
 247 23
 248 4
 249 24
 250 3
 251 5
 252 24
 253 14
 254 24
 255 13
 256 8
 257 15
 258 8
 259 2
 260 5
 261 6
 262 25
 263 5
 264 1
 265 20
 266 6
 267 5
 268 2
 269 14
 270 23
 271 3
 272 1
 273 3
 274 9
 275 21
 276 21
 277 7
 278 10
 279 25
 280 8
 281 2
 282 9
 283 10
 284 2
 285 13
 286 3
 287 13
 288 2
 289 6
 290 20
 291 2
 292 21
 293 9
 294 9
 295 17
 296 17
 297 22
 298 1
 299 17
 300 22
 301 24
 302 19
 303 14
 304 23
 305 6
 306 2
 307 15
 308 16
 309 9
 310 14
 311 23
 312 12
 313 17
 314 16
 315 5
 316 14
 317 15
 318 14
 319 8
 320 8
 321 24
 322 22
 323 3
 324 16
 325 17
 326 23
 327 5
 328 10
 329 22
 330 22
 331 25
 332 1
 333 8
 334 13
 335 15
 336 20
 337 2
 338 20
 339 2
 340 17
 341 1
 342 2
 343 18
 344 13
 345 2
 346 12
 347 12
 348 15
 349 22
 350 5
 351 3
 352 9
 353 21
 354 21
 355 5
 356 11
 357 19
 358 10
 359 8
 360 22
 361 18
 362 8
 363 5
 364 21
 365 4
 366 25
 367 3
 368 25
 369 5
 370 9
 371 12
 372 23
 373 19
 374 4
 375 3
 376 5
 377 4
 378 7
 379 4
 380 1
 381 2
 382 21
 383 11
 384 1
 385 23
 386 6
 387 11
 388 18
 389 15
 390 4
 391 9
 392 10
 393 16
 394 16
 395 14
 396 13
 397 14
 398 22
 399 19
 400 13
 401 20
 402 8
 403 13
 404 21
 405 24
 406 5
 407 18
 408 14
 409 17
 410 2
 411 4
 412 5
 413 6
 414 11
 415 4
 416 7
 417 18
 418 8
 419 3
 420 21
 421 3
 422 23
 423 21
 424 14
 425 9
 426 18
 427 9
 428 1
 429 4
 430 4
 431 18
 432 11
 433 2
 434 21
 435 4
 436 18
 437 6
 438 6
 439 17
 440 22
 441 16
 442 8
 443 21
 444 12
 445 3
 446 9
 447 5
 448 15
 449 8
 450 2
 451 12
 452 9
 453 15
 454 25
 455 16
 456 8
 457 24
 458 21
 459 16
 460 20
 461 20
 462 5
 463 4
 464 10
 465 9
 466 7
 467 13
 468 21
 469 8
 470 14
 471 7
 472 6
 473 2
 474 2
 475 12
 476 25
 477 25
 478 20
 479 18
 480 7
 481 25
 482 7
 483 15
 484 24
 485 19
 486 22
 487 17
 488 8
 489 21
 490 20
 491 18
 492 19
 493 10
 494 20
 495 23
 496 3
 497 3
 498 18
 499 8
 500 12
 501 17
 502 17
 503 7
 504 21
 505 20
 506 10
 507 8
 508 9
 509 8
 510 7
 511 18
 512 17
 513 18
 514 2
 515 2
 516 8
 517 11
 518 5
 519 1
 520 25
 521 8
 522 9
 523 5
 524 3
 525 13
 526 20
 527 24
 528 15
 529 8
 530 21
 531 18
 532 11
 533 2
 534 10
 535 3
 536 16
 537 1
 538 1
 539 15
 540 12
 541 23
 542 17
 543 6
 544 18
 545 16
 546 11
 547 15
 548 15
 549 21
 550 15
 551 13
 552 17
 553 13
 554 2
 555 1
 556 5
 557 7
 558 16
 559 13
 560 5
 561 25
 562 16
 563 17
 564 25
 565 24
 566 14
 567 11
 568 19
 569 25
 570 10
 571 6
 572 13
 573 12
 574 11
 575 19
 576 12
 577 6
 578 23
 579 7
 580 3
 581 6
 582 8
 583 9
 584 9
 585 4
 586 4
 587 6
 588 18
 589 24
 590 22
 591 15
 592 5
 593 3
 594 23
 595 19
 596 24
 597 1
 598 14
 599 24
 600 11
 601 14
 602 20
 603 11
 604 22
 605 3
 606 8
 607 1
 608 2
 609 21
 610 1
 611 14
 612 9
 613 25
 614 16
 615 12
 616 16
 617 9
 618 16
 619 2
 620 16
 621 22
 622 4
 623 16
 624 14
 625 11
 626 22
 627 23
 628 5
 629 13
 630 3
 631 7
 632 12
 633 19
 634 15
 635 4
 636 6
 637 5
 638 11
 639 15
 640 21
 641 21
 642 1
 643 12
 644 16
 645 14
 646 15
 647 7
 648 9
 649 11
 650 14
 651 6
 652 25
 653 1
 654 11
 655 17
 656 15
 657 19
 658 11
 659 8
 660 10
 661 11
 662 12
 663 23
 664 13
 665 3
 666 7
 667 24
 668 14
 669 22
 670 22
 671 5
 672 16
 673 2
 674 6
 675 22
 676 17
 677 24
 678 19
 679 11
 680 13
 681 10
 682 2
 683 4
 684 3
 685 9
 686 11
 687 16
 688 21
 689 9
 690 4
 691 14
 692 3
 693 10
 694 10
 695 19
 696 5
 697 10
 698 19
 699 5
 700 8
 701 14
 702 13
 703 10
 704 15
 705 25
 706 18
 707 8
 708 15
 709 22
 710 6
 711 1
 712 11
 713 10
 714 23
 715 22
 716 9
 717 2
 718 10
 719 8
 720 15
 721 20
 722 11
 723 8
 724 4
 725 23
 726 19
 727 16
 728 5
 729 4
 730 12
 731 21
 732 8
 733 16
 734 12
 735 13
 736 4
 737 24
 738 3
 739 4
 740 17
 741 6
 742 24
 743 2
 744 20
 745 18
 746 11
 747 16
 748 2
 749 15
 750 12
 751 16
 752 23
 753 9
 754 22
 755 17
 756 13
 757 21
 758 20
 759 10
 760 20
 761 7
 762 3
 763 12
 764 24
 765 17
 766 6
 767 13
 768 7
 769 4
 770 21
 771 9
 772 13
 773 10
 774 13
 775 14
 776 19
 777 15
 778 12
 779 23
 780 12
 781 1
 782 19
 783 12
 784 4
 785 23
 786 3
 787 4
 788 6
 789 9
 790 22
 791 14
 792 21
 793 10
 794 17
 795 1
 796 19
 797 2
 798 11
 799 23
 800 15
 801 13
 802 4
 803 9
 804 18
 805 9
 806 5
 807 10
 808 7
 809 23
 810 24
 811 2
 812 9
 813 18
 814 7
 815 18
 816 9
 817 21
 818 10
 819 6
 820 25
 821 12
 822 15
 823 11
 824 16
 825 5
 826 16
 827 4
 828 8
 829 15
 830 17
 831 13
 832 7
 833 12
 834 5
 835 18
 836 22
 837 1
 838 25
 839 25
 840 21
 841 22
 842 5
 843 6
 844 6
 845 16
 846 18
 847 11
 848 21
 849 21
 850 19
 851 24
 852 24
 853 11
 854 6
 855 12
 856 1
 857 9
 858 15
 859 10
 860 25
 861 12
 862 16
 863 11
 864 8
 865 13
 866 18
 867 9
 868 7
 869 13
 870 16
 871 11
 872 21
 873 8
 874 7
 875 20
 876 19
 877 8
 878 18
 879 22
 880 24
 881 6
 882 20
 883 16
 884 25
 885 7
 886 19
 887 21
 888 19
 889 12
 890 25
 891 6
 892 8
 893 21
 894 13
 895 3
 896 1
 897 18
 898 22
 899 22
 900 12
 901 5
 902 14
 903 18
 904 24
 905 3
 906 22
 907 7
 908 21
 909 11
 910 25
 911 7
 912 23
 913 2
 914 21
 915 21
 916 6
 917 14
 918 2
 919 9
 920 11
 921 3
 922 19
 923 11
 924 8
 925 3
 926 13
 927 18
 928 22
 929 18
 930 15
 931 25
 932 14
 933 16
 934 2
 935 3
 936 24
 937 12
 938 12
 939 4
 940 7
 941 21
 942 6
 943 8
 944 11
 945 22
 946 7
 947 10
 948 2
 949 13
 950 17
 951 4
 952 15
 953 13
 954 21
 955 17
 956 13
 957 18
 958 2
 959 12
 960 6
 961 12
 962 21
 963 25
 964 16
 965 13
 966 12
 967 8
 968 14
 969 5
 970 25
 971 2
 972 9
 973 1
 974 22
 975 16
 976 16
 977 5
 978 10
 979 11
 980 13
 981 1
 982 21
 983 22
 984 19
 985 22
 986 7
 987 20
 988 4
 989 17
 990 1
 991 9
 992 22
 993 4
 994 16
 995 24
 996 23
 997 25
 998 12
 999 1
 1000 11
 1001 13
 1002 3
 1003 15
 1004 2
 1005 5
 1006 19
 1007 15
 1008 14
 1009 17
 1010 14
 1011 8
 1012 2
 1013 23
 1014 24
 1015 6
 1016 25
 1017 16
 1018 5
 1019 16
 1020 2
 1021 9
 1022 3
 1023 22
 1024 10
 1025 6
 1026 15
 1027 8
 1028 25
 1029 4
 1030 16
 1031 15
 1032 6
 1033 10
 1034 21
 1035 21
 1036 14
 1037 2
 1038 7
 1039 2
 1040 21
 1041 12
 1042 11
 1043 16
 1044 6
 1045 5
 1046 12
 1047 23
 1048 25
 1049 11
 1050 15
 1051 5
 1052 6
 1053 14
 1054 14
 1055 22
 1056 12
 1057 16
 1058 8
 1059 10
 1060 3
 1061 22
 1062 6
 1063 5
 1064 17
 1065 9
 1066 16
 1067 12
 1068 7
 1069 5
 1070 24
 1071 23
 1072 2
 1073 8
 1074 11
 1075 13
 1076 22
 1077 6
 1078 11
 1079 16
 1080 12
 1081 9
 1082 3
 1083 21
 1084 6
 1085 23
 1086 19
 1087 13
 1088 22
 1089 25
 1090 15
 1091 5
 1092 13
 1093 15
 1094 4
 1095 18
 1096 12
 1097 22
 1098 20
 1099 17
 1100 21
 1101 21
 1102 5
 1103 7
 1104 11
 1105 8
 1106 21
 1107 4
 1108 4
 1109 24
 1110 24
 1111 3
 1112 11
 1113 8
 1114 11
 1115 4
 1116 20
 1117 19
 1118 16
 1119 19
 1120 11
 1121 11
 1122 10
 1123 1
 1124 25
 1125 21
 1126 3
 1127 23
 1128 5
 1129 23
 1130 9
 1131 21
 1132 13
 1133 9
 1134 17
 1135 19
 1136 18
 1137 1
 1138 18
 1139 17
 1140 2
 1141 6
 1142 11
 1143 12
 1144 9
 1145 7
 1146 18
 1147 11
 1148 5
 1149 9
 1150 12
 1151 4
 1152 1
 1153 5
 1154 22
 1155 24
 1156 13
 1157 3
 1158 3
 1159 12
 1160 24
 1161 6
 1162 7
 1163 12
 1164 10
 1165 8
 1166 12
 1167 17
 1168 16
 1169 21
 1170 2
 1171 23
 1172 4
 1173 24
 1174 7
 1175 16
 1176 3
 1177 18
 1178 2
 1179 7
 1180 22
 1181 14
 1182 23
 1183 10
 1184 9
 1185 24
 1186 8
 1187 19
 1188 5
 1189 5
 1190 2
 1191 16
 1192 16
 1193 11
 1194 25
 1195 2
 1196 15
 1197 8
 1198 24
 1199 1
 1200 13
 1201 15
 1202 9
 1203 25
 1204 24
 1205 20
 1206 11
 1207 1
 1208 1
 1209 19
 1210 16
 1211 7
 1212 20
 1213 5
 1214 18
 1215 19
 1216 9
 1217 10
 1218 11
 1219 25
 1220 25
 1221 2
 1222 6
 1223 5
 1224 25
 1225 18
 1226 23
 1227 21
 1228 11
 1229 22
 1230 8
 1231 9
 1232 4
 1233 21
 1234 18
 1235 15
 1236 14
 1237 25
 1238 16
 1239 11
 1240 4
 1241 1
 1242 7
 1243 23
 1244 1
 1245 24
 1246 1
 1247 15
 1248 20
 1249 18
 1250 23
 1251 1
 1252 8
 1253 5
 1254 15
 1255 7
 1256 18
 1257 23
 1258 1
 1259 16
 1260 6
 1261 1
 1262 19
 1263 14
 1264 1
 1265 19
 1266 15
 1267 17
 1268 7
 1269 15
 1270 10
 1271 2
 1272 15
 1273 15
 1274 20
 1275 16
 1276 5
 1277 17
 1278 12
 1279 11
 1280 9
 1281 1
 1282 13
 1283 12
 1284 16
 1285 14
 1286 5
 1287 11
 1288 18
 1289 18
 1290 18
 1291 2
 1292 20
 1293 8
 1294 14
 1295 9
 1296 25
 1297 9
 1298 3
 1299 14
 1300 11
 1301 16
 1302 3
 1303 11
 1304 14
 1305 5
 1306 19
 1307 13
 1308 4
 1309 1
 1310 21
 1311 7
 1312 24
 1313 23
 1314 20
 1315 4
 1316 7
 1317 10
 1318 22
 1319 16
 1320 17
 1321 1
 1322 24
 1323 21
 1324 6
 1325 8
 1326 17
 1327 9
 1328 20
 1329 1
 1330 22
 1331 7
 1332 9
 1333 10
 1334 15
 1335 25
 1336 25
 1337 12
 1338 23
 1339 6
 1340 21
 1341 17
 1342 25
 1343 8
 1344 14
 1345 11
 1346 15
 1347 14
 1348 20
 1349 10
 1350 15
 1351 9
 1352 3
 1353 11
 1354 22
 1355 22
 1356 7
 1357 13
 1358 17
 1359 17
 1360 22
 1361 1
 1362 24
 1363 11
 1364 19
 1365 2
 1366 24
 1367 13
 1368 20
 1369 8
 1370 9
 1371 15
 1372 25
 1373 24
 1374 17
 1375 9
 1376 6
 1377 2
 1378 24
 1379 12
 1380 25
 1381 3
 1382 8
 1383 24
 1384 12
 1385 6
 1386 25
 1387 10
 1388 18
 1389 24
 1390 20
 1391 14
 1392 17
 1393 18
 1394 24
 1395 24
 1396 3
 1397 6
 1398 3
 1399 19
 1400 15
 1401 12
 1402 15
 1403 9
 1404 13
 1405 13
 1406 13
 1407 18
 1408 7
 1409 7
 1410 24
 1411 1
 1412 1
 1413 2
 1414 1
 1415 23
 1416 10
 1417 9
 1418 21
 1419 24
 1420 24
 1421 19
 1422 12
 1423 4
 1424 18
 1425 4
 1426 25
 1427 6
 1428 20
 1429 2
 1430 4
 1431 5
 1432 10
 1433 18
 1434 19
 1435 13
 1436 12
 1437 9
 1438 23
 1439 19
 1440 19
 1441 22
 1442 20
 1443 4
 1444 4
 1445 19
 1446 3
 1447 4
 1448 22
 1449 20
 1450 14
 1451 5
 1452 1
 1453 22
 1454 5
 1455 5
 1456 14
 1457 17
 1458 5
 1459 14
 1460 20
 1461 9
 1462 24
 1463 13
 1464 10
 1465 10
 1466 5
 1467 5
 1468 22
 1469 12
 1470 23
 1471 9
 1472 3
 1473 3
 1474 17
 1475 6
 1476 12
 1477 1
 1478 24
 1479 6
 1480 21
 1481 12
 1482 1
 1483 3
 1484 18
 1485 15
 1486 3
 1487 11
 1488 15
 1489 9
 1490 6
 1491 5
 1492 19
 1493 10
 1494 12
 1495 5
 1496 12
 1497 14
 1498 2
 1499 2
 1500 11
 1501 18
 1502 7
 1503 8
 1504 4
 1505 14
 1506 20
 1507 3
 1508 9
 1509 25
 1510 17
 1511 24
 1512 10
 1513 19
 1514 16
 1515 16
 1516 1
 1517 6
 1518 20
 1519 23
 1520 15
 1521 21
 1522 10
 1523 3
 1524 24
 1525 5
 1526 1
 1527 2
 1528 3
 1529 3
 1530 8
 1531 2
 1532 16
 1533 22
 1534 12
 1535 14
 1536 12
 1537 14
 1538 24
 1539 4
 1540 20
 1541 3
 1542 6
 1543 24
 1544 9
 1545 9
 1546 21
 1547 25
 1548 20
 1549 14
 1550 18
 1551 25
 1552 21
 1553 16
 1554 16
 1555 21
 1556 18
 1557 20
 1558 21
 1559 3
 1560 3
 1561 8
 1562 7
 1563 12
 1564 16
 1565 9
 1566 8
 1567 4
 1568 7
 1569 23
 1570 1
 1571 22
 1572 8
 1573 19
 1574 5
 1575 21
 1576 1
 1577 3
 1578 10
 1579 4
 1580 13
 1581 19
 1582 10
 1583 5
 1584 4
 1585 14
 1586 18
 1587 6
 1588 14
 1589 21
 1590 9
 1591 17
 1592 3
 1593 7
 1594 20
 1595 1
 1596 14
 1597 5
 1598 17
 1599 9
 1600 5
 1601 18
 1602 20
 1603 8
 1604 4
 1605 23
 1606 25
 1607 3
 1608 6
 1609 19
 1610 8
 1611 14
 1612 8
 1613 1
 1614 18
 1615 14
 1616 19
 1617 10
 1618 25
 1619 21
 1620 15
 1621 18
 1622 16
 1623 3
 1624 21
 1625 3
 1626 21
 1627 5
 1628 23
 1629 22
 1630 25
 1631 11
 1632 18
 1633 19
 1634 16
 1635 3
 1636 8
 1637 24
 1638 24
 1639 22
 1640 2
 1641 3
 1642 22
 1643 2
 1644 11
 1645 11
 1646 1
 1647 3
 1648 1
 1649 19
 1650 15
 1651 24
 1652 25
 1653 25
 1654 17
 1655 9
 1656 20
 1657 7
 1658 16
 1659 2
 1660 24
 1661 19
 1662 14
 1663 16
 1664 18
 1665 1
 1666 20
 1667 16
 1668 18
 1669 23
 1670 2
 1671 7
 1672 22
 1673 21
 1674 18
 1675 11
 1676 8
 1677 24
 1678 14
 1679 19
 1680 3
 1681 25
 1682 8
 1683 10
 1684 17
 1685 18
 1686 23
 1687 1
 1688 9
 1689 6
 1690 12
 1691 22
 1692 25
 1693 23
 1694 20
 1695 14
 1696 25
 1697 25
 1698 4
 1699 8
 1700 6
 1701 14
 1702 10
 1703 3
 1704 16
 1705 14
 1706 5
 1707 20
 1708 8
 1709 11
 1710 6
 1711 14
 1712 5
 1713 16
 1714 24
 1715 24
 1716 15
 1717 1
 1718 18
 1719 17
 1720 23
 1721 1
 1722 20
 1723 12
 1724 7
 1725 22
 1726 4
 1727 19
 1728 20
 1729 14
 1730 14
 1731 2
 1732 4
 1733 18
 1734 4
 1735 2
 1736 7
 1737 4
 1738 18
 1739 3
 1740 3
 1741 5
 1742 3
 1743 4
 1744 21
 1745 20
 1746 22
 1747 1
 1748 5
 1749 3
 1750 17
 1751 24
 1752 24
 1753 1
 1754 11
 1755 13
 1756 18
 1757 10
 1758 14
 1759 4
 1760 13
 1761 4
 1762 8
 1763 5
 1764 25
 1765 10
 1766 6
 1767 2
 1768 16
 1769 24
 1770 9
 1771 20
 1772 6
 1773 13
 1774 25
 1775 9
 1776 10
 1777 23
 1778 13
 1779 8
 1780 13
 1781 24
 1782 16
 1783 10
 1784 3
 1785 4
 1786 17
 1787 22
 1788 7
 1789 10
 1790 16
 1791 14
 1792 13
 1793 13
 1794 13
 1795 4
 1796 2
 1797 2
 1798 16
 1799 19
 1800 5
 1801 14
 1802 22
 1803 3
 1804 18
 1805 1
 1806 14
 1807 22
 1808 21
 1809 11
 1810 6
 1811 18
 1812 8
 1813 16
 1814 21
 1815 21
 1816 21
 1817 16
 1818 8
 1819 3
 1820 11
 1821 20
 1822 15
 1823 7
 1824 3
 1825 12
 1826 4
 1827 1
 1828 3
 1829 1
 1830 11
 1831 15
 1832 9
 1833 9
 1834 9
 1835 18
 1836 15
 1837 21
 1838 22
 1839 22
 1840 4
 1841 6
 1842 15
 1843 10
 1844 10
 1845 14
 1846 16
 1847 19
 1848 20
 1849 4
 1850 23
 1851 3
 1852 16
 1853 2
 1854 13
 1855 22
 1856 1
 1857 21
 1858 5
 1859 7
 1860 15
 1861 18
 1862 7
 1863 11
 1864 8
 1865 15
 1866 17
 1867 25
 1868 11
 1869 19
 1870 19
 1871 12
 1872 22
 1873 22
 1874 25
 1875 22
 1876 2
 1877 10
 1878 5
 1879 4
 1880 21
 1881 21
 1882 20
 1883 5
 1884 15
 1885 6
 1886 17
 1887 7
 1888 25
 1889 23
 1890 21
 1891 5
 1892 23
 1893 1
 1894 25
 1895 2
 1896 1
 1897 24
 1898 19
 1899 16
 1900 1
 1901 20
 1902 18
 1903 6
 1904 25
 1905 12
 1906 13
 1907 5
 1908 7
 1909 4
 1910 5
 1911 18
 1912 21
 1913 1
 1914 3
 1915 20
 1916 17
 1917 5
 1918 10
 1919 24
 1920 18
 1921 6
 1922 23
 1923 16
 1924 8
 1925 16
 1926 15
 1927 23
 1928 6
 1929 20
 1930 13
 1931 25
 1932 14
 1933 19
 1934 5
 1935 7
 1936 19
 1937 19
 1938 18
 1939 21
 1940 10
 1941 21
 1942 24
 1943 17
 1944 13
 1945 7
 1946 22
 1947 6
 1948 17
 1949 21
 1950 22
 1951 7
 1952 4
 1953 15
 1954 8
 1955 9
 1956 11
 1957 18
 1958 7
 1959 2
 1960 7
 1961 8
 1962 5
 1963 10
 1964 24
 1965 19
 1966 14
 1967 4
 1968 13
 1969 8
 1970 14
 1971 21
 1972 13
 1973 15
 1974 3
 1975 24
 1976 19
 1977 22
 1978 7
 1979 25
 1980 5
 1981 19
 1982 4
 1983 21
 1984 8
 1985 11
 1986 1
 1987 16
 1988 16
 1989 10
 1990 2
 1991 16
 1992 7
 1993 14
 1994 18
 1995 1
 1996 9
 1997 18
 1998 6
 1999 21
 2000 7
 2001 10
 2002 4
 2003 14
 2004 14
 2005 5
 2006 6
 2007 13
 2008 4
 2009 16
 2010 10
 2011 6
 2012 18
 2013 19
 2014 9
 2015 4
 2016 18
 2017 14
 2018 11
 2019 21
 2020 9
 2021 22
 2022 4
 2023 14
 2024 9
 2025 3
 2026 16
 2027 15
 2028 6
 2029 13
 2030 1
 2031 8
 2032 9
 2033 4
 2034 16
 2035 21
 2036 16
 2037 5
 2038 5
 2039 8
 2040 14
 2041 12
 2042 2
 2043 13
 2044 11
 2045 17
 2046 9
 2047 8
 2048 13
 2049 1
 2050 17
 2051 20
 2052 25
 2053 6
 2054 6
 2055 6
 2056 24
 2057 21
 2058 8
 2059 3
 2060 2
 2061 13
 2062 18
 2063 8
 2064 24
 2065 14
 2066 4
 2067 4
 2068 17
 2069 8
 2070 16
 2071 16
 2072 14
 2073 21
 2074 10
 2075 10
 2076 9
 2077 12
 2078 24
 2079 18
 2080 5
 2081 10
 2082 7
 2083 6
 2084 25
 2085 15
 2086 13
 2087 12
 2088 19
 2089 15
 2090 1
 2091 20
 2092 10
 2093 19
 2094 18
 2095 6
 2096 20
 2097 19
 2098 25
 2099 2
 2100 12
 2101 21
 2102 19
 2103 5
 2104 14
 2105 22
 2106 15
 2107 5
 2108 4
 2109 16
 2110 23
 2111 9
 2112 18
 2113 4
 2114 3
 2115 25
 2116 19
 2117 21
 2118 10
 2119 19
 2120 10
 2121 20
 2122 8
 2123 14
 2124 4
 2125 11
 2126 4
 2127 4
 2128 2
 2129 6
 2130 4
 2131 23
 2132 21
 2133 6
 2134 23
 2135 21
 2136 17
 2137 19
 2138 22
 2139 4
 2140 23
 2141 20
 2142 20
 2143 2
 2144 6
 2145 6
 2146 15
 2147 25
 2148 10
 2149 2
 2150 24
 2151 6
 2152 15
 2153 6
 2154 1
 2155 12
 2156 22
 2157 16
 2158 15
 2159 19
 2160 20
 2161 5
 2162 17
 2163 6
 2164 24
 2165 24
 2166 22
 2167 19
 2168 23
 2169 2
 2170 12
 2171 13
 2172 4
 2173 23
 2174 7
 2175 5
 2176 22
 2177 16
 2178 13
 2179 10
 2180 15
 2181 19
 2182 4
 2183 4
 2184 11
 2185 5
 2186 12
 2187 12
 2188 21
 2189 24
 2190 21
 2191 8
 2192 6
 2193 2
 2194 15
 2195 10
 2196 8
 2197 3
 2198 7
 2199 4
 2200 14
 2201 17
 2202 11
 2203 13
 2204 7
 2205 4
 2206 10
 2207 23
 2208 24
 2209 4
 2210 8
 2211 12
 2212 5
 2213 12
 2214 12
 2215 19
 2216 13
 2217 7
 2218 4
 2219 4
 2220 11
 2221 16
 2222 21
 2223 24
 2224 18
 2225 12
 2226 3
 2227 8
 2228 19
 2229 17
 2230 16
 2231 25
 2232 8
 2233 4
 2234 7
 2235 1
 2236 12
 2237 4
 2238 16
 2239 25
 2240 10
 2241 5
 2242 7
 2243 9
 2244 5
 2245 19
 2246 1
 2247 21
 2248 2
 2249 24
 2250 7
 2251 25
 2252 13
 2253 3
 2254 16
 2255 22
 2256 17
 2257 3
 2258 2
 2259 19
 2260 15
 2261 3
 2262 10
 2263 10
 2264 20
 2265 20
 2266 13
 2267 3
 2268 8
 2269 6
 2270 21
 2271 14
 2272 13
 2273 25
 2274 9
 2275 15
 2276 19
 2277 23
 2278 7
 2279 23
 2280 17
 2281 24
 2282 8
 2283 14
 2284 13
 2285 19
 2286 5
 2287 12
 2288 18
 2289 3
 2290 5
 2291 3
 2292 15
 2293 1
 2294 16
 2295 19
 2296 2
 2297 2
 2298 13
 2299 5
 2300 19
 2301 25
 2302 4
 2303 23
 2304 16
 2305 10
 2306 9
 2307 2
 2308 8
 2309 1
 2310 5
 2311 21
 2312 9
 2313 10
 2314 9
 2315 20
 2316 11
 2317 4
 2318 20
 2319 19
 2320 22
 2321 6
 2322 5
 2323 12
 2324 12
 2325 12
 2326 14
 2327 5
 2328 1
 2329 2
 2330 18
 2331 4
 2332 3
 2333 24
 2334 2
 2335 22
 2336 13
 2337 10
 2338 2
 2339 1
 2340 14
 2341 21
 2342 18
 2343 1
 2344 18
 2345 25
 2346 16
 2347 15
 2348 13
 2349 14
 2350 14
 2351 5
 2352 16
 2353 25
 2354 20
 2355 17
 2356 8
 2357 9
 2358 20
 2359 7
 2360 5
 2361 9
 2362 1
 2363 11
 2364 19
 2365 10
 2366 19
 2367 20
 2368 3
 2369 9
 2370 25
 2371 24
 2372 8
 2373 22
 2374 8
 2375 5
 2376 21
 2377 11
 2378 2
 2379 23
 2380 16
 2381 14
 2382 16
 2383 17
 2384 24
 2385 11
 2386 3
 2387 24
 2388 12
 2389 10
 2390 20
 2391 16
 2392 21
 2393 17
 2394 16
 2395 3
 2396 1
 2397 10
 2398 2
 2399 13
 2400 20
 2401 9
 2402 18
 2403 21
 2404 17
 2405 19
 2406 6
 2407 2
 2408 14
 2409 24
 2410 17
 2411 8
 2412 20
 2413 10
 2414 9
 2415 2
 2416 10
 2417 21
 2418 23
 2419 16
 2420 1
 2421 1
 2422 16
 2423 17
 2424 1
 2425 16
 2426 9
 2427 12
 2428 14
 2429 16
 2430 19
 2431 18
 2432 18
 2433 18
 2434 24
 2435 6
 2436 6
 2437 8
 2438 25
 2439 1
 2440 22
 2441 25
 2442 10
 2443 10
 2444 6
 2445 10
 2446 25
 2447 2
 2448 16
 2449 17
 2450 22
 2451 25
 2452 18
 2453 19
 2454 22
 2455 14
 2456 21
 2457 17
 2458 4
 2459 11
 2460 5
 2461 15
 2462 2
 2463 3
 2464 19
 2465 4
 2466 20
 2467 24
 2468 13
 2469 18
 2470 4
 2471 16
 2472 21
 2473 14
 2474 15
 2475 6
 2476 22
 2477 7
 2478 12
 2479 22
 2480 17
 2481 10
 2482 8
 2483 9
 2484 9
 2485 13
 2486 22
 2487 25
 2488 8
 2489 23
 2490 15
 2491 1
 2492 4
 2493 18
 2494 9
 2495 2
 2496 1
 2497 12
 2498 3
 2499 20
 2500 5
 2501 6
 2502 14
 2503 18
 2504 20
 2505 24
 2506 3
 2507 11
 2508 21
 2509 17
 2510 22
 2511 6
 2512 11
 2513 22
 2514 14
 2515 10
 2516 13
 2517 19
 2518 2
 2519 13
 2520 16
 2521 6
 2522 8
 2523 13
 2524 5
 2525 24
 2526 23
 2527 5
 2528 4
 2529 6
 2530 18
 2531 16
 2532 10
 2533 15
 2534 20
 2535 3
 2536 16
 2537 16
 2538 18
 2539 14
 2540 11
 2541 25
 2542 24
 2543 21
 2544 4
 2545 16
 2546 7
 2547 24
 2548 5
 2549 23
 2550 20
 2551 5
 2552 1
 2553 12
 2554 2
 2555 7
 2556 23
 2557 2
 2558 16
 2559 18
 2560 24
 2561 19
 2562 25
 2563 1
 2564 19
 2565 18
 2566 4
 2567 16
 2568 25
 2569 10
 2570 8
 2571 15
 2572 7
 2573 25
 2574 6
 2575 23
 2576 7
 2577 23
 2578 17
 2579 18
 2580 3
 2581 6
 2582 1
 2583 8
 2584 13
 2585 10
 2586 5
 2587 6
 2588 12
 2589 1
 2590 23
 2591 18
 2592 11
 2593 21
 2594 1
 2595 12
 2596 13
 2597 19
 2598 18
 2599 3
 2600 8
 2601 19
 2602 7
 2603 13
 2604 9
 2605 10
 2606 4
 2607 14
 2608 17
 2609 22
 2610 4
 2611 19
 2612 10
 2613 19
 2614 5
 2615 13
 2616 6
 2617 19
 2618 4
 2619 24
 2620 1
 2621 5
 2622 4
 2623 23
 2624 20
 2625 13
 2626 18
 2627 21
 2628 22
 2629 10
 2630 10
 2631 1
 2632 10
 2633 20
 2634 20
 2635 4
 2636 11
 2637 15
 2638 25
 2639 19
 2640 15
 2641 13
 2642 11
 2643 19
 2644 3
 2645 11
 2646 25
 2647 24
 2648 11
 2649 3
 2650 7
 2651 7
 2652 5
 2653 10
 2654 1
 2655 16
 2656 17
 2657 16
 2658 5
 2659 25
 2660 6
 2661 6
 2662 5
 2663 2
 2664 10
 2665 7
 2666 3
 2667 9
 2668 8
 2669 25
 2670 16
 2671 1
 2672 17
 2673 18
 2674 18
 2675 13
 2676 7
 2677 11
 2678 13
 2679 17
 2680 14
 2681 8
 2682 4
 2683 7
 2684 14
 2685 9
 2686 15
 2687 7
 2688 23
 2689 4
 2690 25
 2691 18
 2692 8
 2693 12
 2694 22
 2695 7
 2696 14
 2697 19
 2698 4
 2699 4
 2700 15
 2701 13
 2702 15
 2703 14
 2704 12
 2705 16
 2706 7
 2707 11
 2708 1
 2709 20
 2710 22
 2711 17
 2712 25
 2713 8
 2714 24
 2715 22
 2716 25
 2717 2
 2718 4
 2719 3
 2720 22
 2721 23
 2722 13
 2723 11
 2724 15
 2725 20
 2726 1
 2727 1
 2728 9
 2729 9
 2730 18
 2731 7
 2732 4
 2733 14
 2734 12
 2735 1
 2736 2
 2737 17
 2738 5
 2739 19
 2740 21
 2741 19
 2742 15
 2743 19
 2744 18
 2745 3
 2746 16
 2747 5
 2748 12
 2749 9
 2750 20
 2751 11
 2752 18
 2753 2
 2754 25
 2755 13
 2756 22
 2757 24
 2758 18
 2759 24
 2760 7
 2761 11
 2762 19
 2763 21
 2764 2
 2765 20
 2766 7
 2767 10
 2768 20
 2769 11
 2770 18
 2771 6
 2772 22
 2773 3
 2774 5
 2775 25
 2776 12
 2777 2
 2778 3
 2779 16
 2780 7
 2781 7
 2782 22
 2783 15
 2784 18
 2785 8
 2786 15
 2787 16
 2788 1
 2789 20
 2790 8
 2791 2
 2792 13
 2793 14
 2794 11
 2795 15
 2796 22
 2797 19
 2798 4
 2799 9
 2800 21
 2801 20
 2802 17
 2803 13
 2804 4
 2805 8
 2806 16
 2807 25
 2808 20
 2809 13
 2810 9
 2811 24
 2812 6
 2813 9
 2814 24
 2815 18
 2816 16
 2817 15
 2818 13
 2819 16
 2820 1
 2821 25
 2822 2
 2823 22
 2824 6
 2825 13
 2826 10
 2827 18
 2828 21
 2829 14
 2830 19
 2831 9
 2832 11
 2833 17
 2834 19
 2835 25
 2836 25
 2837 21
 2838 7
 2839 18
 2840 6
 2841 9
 2842 7
 2843 10
 2844 11
 2845 18
 2846 7
 2847 15
 2848 7
 2849 10
 2850 8
 2851 14
 2852 7
 2853 11
 2854 25
 2855 7
 2856 11
 2857 15
 2858 23
 2859 22
 2860 23
 2861 3
 2862 22
 2863 25
 2864 6
 2865 5
 2866 4
 2867 20
 2868 2
 2869 21
 2870 25
 2871 10
 2872 17
 2873 2
 2874 22
 2875 12
 2876 2
 2877 24
 2878 12
 2879 19
 2880 1
 2881 15
 2882 3
 2883 23
 2884 6
 2885 24
 2886 11
 2887 6
 2888 9
 2889 15
 2890 22
 2891 8
 2892 6
 2893 16
 2894 24
 2895 20
 2896 18
 2897 24
 2898 16
 2899 8
 2900 20
 2901 14
 2902 17
 2903 3
 2904 11
 2905 23
 2906 24
 2907 8
 2908 13
 2909 21
 2910 1
 2911 17
 2912 22
 2913 24
 2914 1
 2915 5
 2916 23
 2917 10
 2918 19
 2919 3
 2920 6
 2921 21
 2922 9
 2923 13
 2924 23
 2925 25
 2926 10
 2927 7
 2928 9
 2929 18
 2930 1
 2931 18
 2932 25
 2933 15
 2934 11
 2935 17
 2936 10
 2937 8
 2938 2
 2939 24
 2940 23
 2941 17
 2942 18
 2943 9
 2944 3
 2945 22
 2946 23
 2947 2
 2948 20
 2949 14
 2950 18
 2951 5
 2952 22
 2953 20
 2954 22
 2955 24
 2956 9
 2957 5
 2958 10
 2959 12
 2960 17
 2961 14
 2962 22
 2963 8
 2964 23
 2965 10
 2966 21
 2967 14
 2968 2
 2969 24
 2970 2
 2971 4
 2972 6
 2973 14
 2974 14
 2975 11
 2976 6
 2977 13
 2978 23
 2979 22
 2980 6
 2981 17
 2982 13
 2983 13
 2984 5
 2985 23
 2986 24
 2987 21
 2988 17
 2989 16
 2990 23
 2991 2
 2992 15
 2993 6
 2994 8
 2995 17
 2996 3
 2997 22
 2998 12
 2999 8
 3000 23
 3001 5
 3002 21
 3003 13
 3004 15
 3005 9
 3006 21
 3007 23
 3008 13
 3009 16
 3010 9
 3011 21
 3012 6
 3013 16
 3014 4
 3015 2
 3016 1
 3017 11
 3018 25
 3019 6
 3020 25
 3021 8
 3022 13
 3023 4
 3024 17
 3025 13
 3026 11
 3027 12
 3028 3
 3029 5
 3030 19
 3031 15
 3032 22
 3033 23
 3034 7
 3035 13
 3036 4
 3037 1
 3038 19
 3039 18
 3040 13
 3041 11
 3042 6
 3043 3
 3044 18
 3045 25
 3046 17
 3047 6
 3048 13
 3049 12
 3050 11
 3051 15
 3052 9
 3053 12
 3054 6
 3055 22
 3056 1
 3057 10
 3058 6
 3059 6
 3060 8
 3061 14
 3062 16
 3063 12
 3064 19
 3065 7
 3066 9
 3067 1
 3068 17
 3069 14
 3070 21
 3071 1
 3072 24
 3073 3
 3074 20
 3075 3
 3076 12
 3077 2
 3078 12
 3079 20
 3080 25
 3081 10
 3082 18
 3083 17
 3084 3
 3085 11
 3086 16
 3087 23
 3088 23
 3089 12
 3090 22
 3091 4
 3092 7
 3093 4
 3094 23
 3095 5
 3096 5
 3097 1
 3098 3
 3099 18
 3100 16
 3101 4
 3102 5
 3103 11
 3104 9
 3105 17
 3106 15
 3107 22
 3108 14
 3109 20
 3110 9
 3111 5
 3112 8
 3113 12
 3114 8
 3115 2
 3116 13
 3117 3
 3118 9
 3119 24
 3120 22
 3121 1
 3122 24
 3123 24
 3124 16
 3125 24
 3126 21
 3127 12
 3128 22
 3129 18
 3130 11
 3131 8
 3132 5
 3133 23
 3134 15
 3135 17
 3136 13
 3137 3
 3138 9
 3139 23
 3140 18
 3141 8
 3142 17
 3143 11
 3144 7
 3145 10
 3146 7
 3147 11
 3148 25
 3149 19
 3150 24
 3151 17
 3152 17
 3153 2
 3154 3
 3155 19
 3156 1
 3157 7
 3158 11
 3159 14
 3160 3
 3161 15
 3162 9
 3163 2
 3164 13
 3165 2
 3166 18
 3167 7
 3168 7
 3169 15
 3170 6
 3171 8
 3172 9
 3173 10
 3174 22
 3175 1
 3176 18
 3177 9
 3178 23
 3179 10
 3180 24
 3181 11
 3182 13
 3183 14
 3184 13
 3185 18
 3186 8
 3187 7
 3188 21
 3189 19
 3190 17
 3191 9
 3192 14
 3193 15
 3194 19
 3195 6
 3196 11
 3197 15
 3198 4
 3199 5
 3200 15
 3201 10
 3202 8
 3203 23
 3204 12
 3205 22
 3206 24
 3207 17
 3208 23
 3209 1
 3210 14
 3211 14
 3212 9
 3213 7
 3214 23
 3215 25
 3216 16
 3217 12
 3218 9
 3219 14
 3220 5
 3221 17
 3222 14
 3223 4
 3224 24
 3225 18
 3226 3
 3227 5
 3228 21
 3229 7
 3230 17
 3231 11
 3232 24
 3233 2
 3234 20
 3235 5
 3236 23
 3237 2
 3238 9
 3239 25
 3240 12
 3241 25
 3242 24
 3243 2
 3244 4
 3245 12
 3246 19
 3247 1
 3248 19
 3249 14
 3250 2
 3251 10
 3252 1
 3253 6
 3254 24
 3255 2
 3256 20
 3257 9
 3258 24
 3259 5
 3260 2
 3261 10
 3262 1
 3263 24
 3264 4
 3265 16
 3266 14
 3267 25
 3268 17
 3269 10
 3270 14
 3271 11
 3272 23
 3273 17
 3274 16
 3275 8
 3276 6
 3277 2
 3278 20
 3279 6
 3280 20
 3281 25
 3282 17
 3283 1
 3284 22
 3285 5
 3286 13
 3287 3
 3288 3
 3289 18
 3290 8
 3291 17
 3292 6
 3293 15
 3294 2
 3295 21
 3296 21
 3297 7
 3298 25
 3299 5
 3300 23
 3301 1
 3302 8
 3303 7
 3304 11
 3305 20
 3306 20
 3307 11
 3308 20
 3309 24
 3310 1
 3311 17
 3312 18
 3313 15
 3314 21
 3315 14
 3316 15
 3317 18
 3318 3
 3319 19
 3320 21
 3321 12
 3322 1
 3323 4
 3324 23
 3325 10
 3326 17
 3327 13
 3328 6
 3329 6
 3330 14
 3331 20
 3332 15
 3333 24
 3334 4
 3335 9
 3336 18
 3337 17
 3338 6
 3339 24
 3340 5
 3341 9
 3342 22
 3343 7
 3344 13
 3345 20
 3346 1
 3347 8
 3348 14
 3349 15
 3350 2
 3351 18
 3352 22
 3353 7
 3354 24
 3355 22
 3356 7
 3357 17
 3358 12
 3359 6
 3360 3
 3361 6
 3362 11
 3363 13
 3364 25
 3365 21
 3366 3
 3367 21
 3368 3
 3369 21
 3370 5
 3371 8
 3372 13
 3373 20
 3374 21
 3375 3
 3376 7
 3377 14
 3378 7
 3379 25
 3380 12
 3381 25
 3382 22
 3383 8
 3384 8
 3385 20
 3386 18
 3387 3
 3388 16
 3389 22
 3390 4
 3391 11
 3392 22
 3393 10
 3394 14
 3395 15
 3396 8
 3397 6
 3398 6
 3399 20
 3400 18
 3401 11
 3402 19
 3403 23
 3404 4
 3405 10
 3406 24
 3407 18
 3408 8
 3409 4
 3410 5
 3411 24
 3412 13
 3413 6
 3414 13
 3415 16
 3416 11
 3417 10
 3418 21
 3419 9
 3420 12
 3421 10
 3422 23
 3423 19
 3424 4
 3425 22
 3426 22
 3427 4
 3428 4
 3429 4
 3430 2
 3431 18
 3432 24
 3433 14
 3434 18
 3435 19
 3436 13
 3437 14
 3438 6
 3439 4
 3440 22
 3441 9
 3442 24
 3443 23
 3444 11
 3445 11
 3446 13
 3447 14
 3448 17
 3449 5
 3450 2
 3451 16
 3452 7
 3453 15
 3454 17
 3455 1
 3456 24
 3457 20
 3458 23
 3459 22
 3460 3
 3461 5
 3462 3
 3463 4
 3464 25
 3465 12
 3466 21
 3467 18
 3468 7
 3469 16
 3470 2
 3471 16
 3472 18
 3473 1
 3474 18
 3475 6
 3476 13
 3477 20
 3478 8
 3479 6
 3480 10
 3481 23
 3482 7
 3483 8
 3484 18
 3485 7
 3486 23
 3487 24
 3488 12
 3489 5
 3490 24
 3491 6
 3492 22
 3493 22
 3494 4
 3495 21
 3496 24
 3497 2
 3498 11
 3499 8
 3500 9
DEPOT_SECTION
 1
 -1
EOF
