NAME : A-n3000-k900
COMMENT : (Generated, No of trucks: 900, Optimal value: Unknown)
TYPE : CVRP
DIMENSION : 3000
EDGE_WEIGHT_TYPE : EUC_2D
CAPACITY : 100
NODE_COORD_SECTION
 1 4314 5856
 2 2677 9127
 3 8512 62
 4 8319 5625
 5 6074 414
 6 2211 8559
 7 7469 6591
 8 5703 2600
 9 6269 798
 10 8533 5294
 11 4265 8418
 12 2420 4596
 13 387 9565
 14 2269 9479
 15 4159 7787
 16 6936 5962
 17 1066 2715
 18 3121 3003
 19 7417 4267
 20 2490 9972
 21 4470 7985
 22 8324 5152
 23 493 3808
 24 6470 2447
 25 5254 6481
 26 2005 5950
 27 2924 9849
 28 6600 6159
 29 892 948
 30 5376 1084
 31 6967 5787
 32 7224 463
 33 8237 5432
 34 612 5653
 35 9378 46
 36 2832 3882
 37 3875 5318
 38 7282 5431
 39 7099 818
 40 2165 5707
 41 1429 2223
 42 8962 2031
 43 4602 92
 44 9385 1708
 45 1733 3164
 46 6217 5193
 47 5330 5184
 48 8769 6896
 49 6021 3258
 50 6593 1999
 51 3176 2163
 52 5565 977
 53 2654 3595
 54 9729 5392
 55 9758 1748
 56 307 3896
 57 9306 6525
 58 6635 2452
 59 2376 5388
 60 3869 3181
 61 8651 5302
 62 122 655
 63 5374 606
 64 2275 8123
 65 5953 9438
 66 8282 3608
 67 5862 6225
 68 9000 3494
 69 9577 7637
 70 8847 7839
 71 2499 5772
 72 9431 740
 73 9962 9568
 74 9545 4333
 75 8083 5546
 76 6125 2368
 77 3967 7830
 78 1905 7479
 79 2371 5439
 80 6423 734
 81 683 2354
 82 9879 8785
 83 1639 2343
 84 5090 7333
 85 4549 1323
 86 4337 7376
 87 6328 2560
 88 5987 9738
 89 2176 6104
 90 3422 4219
 91 9430 5187
 92 147 5770
 93 9444 6951
 94 4 1712
 95 8204 9709
 96 6408 6420
 97 9991 282
 98 1592 3036
 99 2775 8417
 100 3198 5581
 101 2646 9435
 102 8627 3176
 103 9786 3206
 104 6588 6546
 105 247 1596
 106 6908 5033
 107 3354 6336
 108 9282 7953
 109 6463 3886
 110 3397 6913
 111 8192 7464
 112 2467 1935
 113 1514 4867
 114 2531 1891
 115 97 6022
 116 6466 9611
 117 7992 6966
 118 7490 2
 119 2831 7617
 120 6431 3519
 121 3518 9962
 122 7190 5263
 123 1689 7408
 124 6873 8158
 125 8328 1607
 126 8626 910
 127 4787 8888
 128 5767 5210
 129 485 2990
 130 7805 3216
 131 5674 5612
 132 6164 8243
 133 4210 5941
 134 8763 8801
 135 6621 4207
 136 3182 5598
 137 8901 8630
 138 1432 7483
 139 8576 4718
 140 1757 5072
 141 6875 904
 142 6470 4176
 143 4107 4077
 144 123 8994
 145 9438 7521
 146 2303 3772
 147 8834 8712
 148 549 772
 149 5905 1607
 150 8650 3360
 151 5825 2160
 152 2163 3954
 153 3013 3677
 154 4141 9699
 155 7146 4853
 156 3986 593
 157 3042 7851
 158 8333 6006
 159 9631 5420
 160 249 2245
 161 2932 9492
 162 2567 5858
 163 1975 3254
 164 6778 1211
 165 2181 6076
 166 8853 1176
 167 1359 8897
 168 7654 7123
 169 50 1096
 170 9313 8447
 171 2370 8655
 172 4057 5895
 173 1601 4031
 174 5041 4597
 175 3053 8376
 176 7571 2519
 177 8498 6455
 178 1096 278
 179 6919 5910
 180 7165 6536
 181 3606 9010
 182 2923 7341
 183 2466 6473
 184 6330 1088
 185 6733 916
 186 7878 9218
 187 6699 2430
 188 5761 977
 189 7151 5231
 190 8543 3740
 191 6954 917
 192 163 1600
 193 5664 5661
 194 6803 3387
 195 5002 4610
 196 2641 9962
 197 9378 9300
 198 9464 1976
 199 8756 6029
 200 5590 4266
 201 9927 4971
 202 1485 2862
 203 6995 8652
 204 9255 5870
 205 2456 3164
 206 6354 15
 207 2681 678
 208 6700 5516
 209 9799 6303
 210 9294 9985
 211 8337 4461
 212 2847 5989
 213 9932 9212
 214 9904 703
 215 8594 5982
 216 5731 9205
 217 1444 1815
 218 7100 8935
 219 2135 1868
 220 7759 9828
 221 3961 1683
 222 8622 348
 223 803 4363
 224 4406 3371
 225 6070 8719
 226 1186 1807
 227 8398 9405
 228 6014 8142
 229 5508 2703
 230 9336 8935
 231 5228 4856
 232 5783 7333
 233 4093 6422
 234 9363 5212
 235 8037 1726
 236 7732 8039
 237 2161 4454
 238 341 6434
 239 7234 4808
 240 4965 1326
 241 6343 735
 242 1815 7187
 243 898 4222
 244 8611 6088
 245 4518 2142
 246 6571 30
 247 9834 2036
 248 624 3015
 249 1623 4158
 250 1598 1251
 251 2274 3374
 252 6700 346
 253 7543 2081
 254 3078 7313
 255 5934 8791
 256 2994 2534
 257 1866 8260
 258 9808 2542
 259 5046 1468
 260 1095 1848
 261 2674 2344
 262 4752 9798
 263 4656 4098
 264 5930 5928
 265 2148 3149
 266 6790 9651
 267 8029 1327
 268 2210 9118
 269 272 2839
 270 5876 9226
 271 1836 5142
 272 9231 8096
 273 9902 2076
 274 5436 7674
 275 2147 6903
 276 5234 7976
 277 9313 3052
 278 9655 2840
 279 9386 5443
 280 8290 5211
 281 4068 9616
 282 6601 5133
 283 3492 9761
 284 9723 2924
 285 4573 5476
 286 1962 8750
 287 2647 890
 288 2626 981
 289 539 2446
 290 1556 7137
 291 5124 6305
 292 8453 1185
 293 8113 1949
 294 458 3929
 295 218 3495
 296 6896 5590
 297 5928 1690
 298 7541 874
 299 8150 1779
 300 462 6398
 301 2359 3995
 302 2889 9046
 303 3883 5624
 304 2505 1106
 305 7845 7549
 306 1504 4819
 307 9241 5321
 308 6697 8144
 309 2078 2404
 310 9508 3554
 311 4424 2381
 312 4607 1205
 313 6092 7642
 314 4088 3190
 315 8549 2438
 316 7735 9657
 317 5437 7152
 318 4793 798
 319 3049 8486
 320 2613 9790
 321 3484 5305
 322 776 7373
 323 5849 4987
 324 7834 3822
 325 713 5275
 326 7622 3652
 327 3773 767
 328 8973 1263
 329 3860 7324
 330 4833 8408
 331 3919 7794
 332 7520 6837
 333 5391 9167
 334 3960 5693
 335 725 4011
 336 8999 1605
 337 6013 1069
 338 7190 1117
 339 7703 5288
 340 9845 4007
 341 4855 9291
 342 75 2137
 343 6516 20
 344 9787 2780
 345 9895 5022
 346 9647 9545
 347 6811 917
 348 8189 6148
 349 1547 9458
 350 7662 3272
 351 9278 2716
 352 4994 9629
 353 8345 2801
 354 4900 6752
 355 5091 1951
 356 5933 9215
 357 8194 3114
 358 2945 3675
 359 6790 6822
 360 7018 6718
 361 1938 5269
 362 7080 5810
 363 129 1661
 364 1424 2735
 365 6004 9351
 366 947 7861
 367 8095 6517
 368 7037 263
 369 8825 805
 370 7919 6100
 371 2643 3153
 372 5868 6502
 373 2781 6955
 374 2702 4188
 375 2804 8766
 376 5308 8165
 377 2647 1166
 378 6085 9699
 379 3742 9559
 380 3935 3403
 381 5177 270
 382 2531 6114
 383 6321 2465
 384 3242 1867
 385 2281 7114
 386 424 6047
 387 7055 5553
 388 9808 6611
 389 7206 6853
 390 8825 7044
 391 6077 4460
 392 9216 6910
 393 3703 9208
 394 488 7816
 395 8442 823
 396 3840 1950
 397 3672 4358
 398 5339 568
 399 673 7864
 400 1233 2007
 401 9300 1390
 402 8230 3056
 403 9595 4005
 404 8888 2263
 405 2331 7148
 406 6950 5229
 407 1988 4599
 408 5112 3438
 409 5768 3157
 410 9007 7442
 411 7183 6864
 412 8842 3494
 413 7273 7510
 414 7530 2903
 415 77 1129
 416 6161 4755
 417 4650 8055
 418 7676 1459
 419 4156 695
 420 9887 1854
 421 8115 1819
 422 7657 5382
 423 8731 365
 424 4985 1298
 425 8500 7189
 426 3164 3414
 427 3841 7942
 428 6716 6327
 429 9921 5696
 430 7666 8069
 431 2868 395
 432 1461 9313
 433 7669 4352
 434 5091 7039
 435 1721 4288
 436 5658 5358
 437 9100 2742
 438 6018 2662
 439 9496 4569
 440 1708 8022
 441 4815 3132
 442 7845 3668
 443 4820 7654
 444 8117 243
 445 4527 3915
 446 289 5801
 447 8200 255
 448 6172 6671
 449 3857 3685
 450 8502 3811
 451 967 7870
 452 2252 1708
 453 7441 6062
 454 3118 6873
 455 9994 6022
 456 6688 7457
 457 7721 5728
 458 4558 2795
 459 3961 5050
 460 2954 4328
 461 4204 7472
 462 7283 9061
 463 9903 7482
 464 6780 4918
 465 3517 8598
 466 8302 3897
 467 125 3631
 468 5062 1231
 469 3726 9601
 470 8495 9447
 471 2272 7364
 472 8115 6962
 473 3140 9481
 474 5464 7437
 475 534 8840
 476 626 6920
 477 2635 3796
 478 6194 3104
 479 3706 3376
 480 6286 1746
 481 4147 4841
 482 1821 5665
 483 3721 7537
 484 7871 9284
 485 1347 6664
 486 3365 6338
 487 8414 7801
 488 1643 8037
 489 6988 4689
 490 5294 7417
 491 519 5295
 492 3699 4518
 493 7300 8390
 494 9983 1936
 495 1391 8589
 496 5568 1730
 497 8323 533
 498 5317 9049
 499 2029 9394
 500 6572 2821
 501 9873 1378
 502 4068 4242
 503 7459 5668
 504 2148 2532
 505 6122 5015
 506 4564 4329
 507 3689 2281
 508 3046 3010
 509 7691 3333
 510 5110 8534
 511 3650 2982
 512 6282 5458
 513 9686 8634
 514 7124 5485
 515 5687 8951
 516 9408 2570
 517 9807 7039
 518 6539 1617
 519 7599 1056
 520 5871 2099
 521 7013 4696
 522 6936 2674
 523 3597 6419
 524 3893 9684
 525 2568 4977
 526 9534 6873
 527 5878 6495
 528 3303 6667
 529 5530 5417
 530 9545 8768
 531 1292 1796
 532 2945 8281
 533 5416 1656
 534 9929 1611
 535 509 5895
 536 8592 8286
 537 6333 1011
 538 6307 9847
 539 283 8938
 540 5330 9078
 541 1438 1771
 542 8681 381
 543 5722 3597
 544 151 4298
 545 8985 9515
 546 3118 5325
 547 9372 8240
 548 194 6489
 549 1201 6791
 550 5164 7507
 551 7552 2428
 552 3532 5506
 553 6393 5105
 554 2355 1809
 555 5501 6070
 556 5011 6386
 557 9452 1825
 558 5916 5662
 559 7681 4003
 560 6640 1890
 561 1584 8193
 562 8942 4404
 563 1998 939
 564 2440 7795
 565 5101 6295
 566 7868 9777
 567 8953 438
 568 9277 6839
 569 4007 532
 570 5025 3233
 571 3118 6172
 572 5112 4584
 573 2520 4707
 574 3631 863
 575 3229 4560
 576 2848 9512
 577 8279 8635
 578 8731 5235
 579 8816 639
 580 3096 7997
 581 7065 2123
 582 1855 1059
 583 9518 3304
 584 1556 5680
 585 3435 7252
 586 3201 4064
 587 6194 6893
 588 8788 2085
 589 3118 6914
 590 8238 8558
 591 7916 4059
 592 4919 5464
 593 8331 7858
 594 6717 9202
 595 3250 4969
 596 2776 696
 597 5438 189
 598 9865 6870
 599 4493 528
 600 8484 1476
 601 7074 1817
 602 6177 2807
 603 236 6731
 604 4511 5502
 605 4102 4617
 606 7066 6208
 607 7979 652
 608 7696 2318
 609 5499 1611
 610 616 805
 611 5344 8857
 612 3737 1513
 613 7152 4165
 614 1039 1485
 615 2038 5386
 616 1816 8923
 617 231 3053
 618 5707 5363
 619 3172 8374
 620 4412 2667
 621 3150 7003
 622 7744 908
 623 9951 274
 624 7729 8828
 625 3712 1775
 626 6654 1703
 627 6392 1234
 628 2184 3242
 629 7378 6069
 630 9050 1621
 631 6839 8380
 632 4246 3213
 633 9982 8756
 634 2378 5384
 635 6918 4921
 636 3622 9207
 637 7721 330
 638 4328 4642
 639 5884 202
 640 5851 513
 641 2416 95
 642 537 5022
 643 5592 5426
 644 4457 7821
 645 9526 5198
 646 8145 8703
 647 4687 119
 648 3733 8818
 649 4998 347
 650 5651 3100
 651 1399 9002
 652 5170 1738
 653 6592 7815
 654 3024 9172
 655 5790 6351
 656 3871 5925
 657 5181 1676
 658 5739 8838
 659 9483 2868
 660 3702 346
 661 201 9837
 662 2747 2540
 663 1916 7544
 664 6131 1354
 665 7122 6629
 666 2576 5080
 667 5091 660
 668 6669 5369
 669 794 357
 670 3467 2989
 671 9617 8349
 672 5660 5054
 673 9568 8314
 674 4346 4010
 675 8874 3034
 676 8715 3473
 677 4154 222
 678 6312 2202
 679 256 4638
 680 8654 2160
 681 4940 1300
 682 5622 190
 683 7165 78
 684 5177 6064
 685 6281 309
 686 8764 8783
 687 2386 9451
 688 9347 9945
 689 9354 3553
 690 6922 3149
 691 3253 448
 692 4310 9499
 693 5797 9760
 694 8078 4923
 695 1679 5689
 696 8580 4551
 697 9032 3581
 698 729 3698
 699 4027 4456
 700 2068 8654
 701 6573 3956
 702 9707 9119
 703 282 7279
 704 4850 816
 705 1308 1279
 706 2960 3512
 707 8304 7966
 708 3516 357
 709 9338 4734
 710 638 5582
 711 587 9817
 712 8964 6962
 713 1114 9188
 714 3795 2905
 715 2287 6831
 716 814 9472
 717 6016 925
 718 2084 2503
 719 9813 6001
 720 3182 5142
 721 6799 6226
 722 6063 4055
 723 6375 8721
 724 9461 7787
 725 9993 873
 726 7743 721
 727 3360 4906
 728 6426 3634
 729 1761 4837
 730 3573 2802
 731 2895 3694
 732 9527 7958
 733 2972 754
 734 358 4144
 735 7168 6595
 736 4861 6422
 737 5424 7681
 738 4481 3121
 739 8782 8021
 740 6456 6363
 741 511 214
 742 7424 9256
 743 2241 8357
 744 6661 346
 745 4864 8983
 746 3067 4318
 747 1989 5122
 748 3882 7838
 749 3874 6440
 750 9811 6996
 751 3346 1787
 752 9920 5433
 753 4264 1920
 754 7529 7667
 755 5413 1768
 756 7216 2871
 757 8934 8602
 758 7157 4476
 759 4517 9478
 760 6170 643
 761 4763 9948
 762 297 6590
 763 9720 2411
 764 8133 4219
 765 2081 4084
 766 1505 7460
 767 669 4224
 768 7449 9055
 769 7797 5704
 770 6048 4912
 771 5038 3588
 772 509 2265
 773 6589 3637
 774 2102 3638
 775 3065 3643
 776 9086 5808
 777 7759 5737
 778 1100 6052
 779 8832 8031
 780 9350 9888
 781 6947 4877
 782 9155 1935
 783 2072 4453
 784 8954 346
 785 602 246
 786 6320 6750
 787 2156 2677
 788 5299 7539
 789 4906 4032
 790 3207 1354
 791 2764 6246
 792 1088 2679
 793 294 1188
 794 4077 3485
 795 8286 4938
 796 6633 4588
 797 2534 5409
 798 2852 1912
 799 7234 8145
 800 9385 3947
 801 7143 7383
 802 2576 3890
 803 5587 4774
 804 6716 8365
 805 2141 7711
 806 8719 3834
 807 5273 6610
 808 2330 4776
 809 6412 5230
 810 8134 2215
 811 179 7997
 812 9174 6287
 813 5167 984
 814 4022 1225
 815 9309 5292
 816 925 1628
 817 5717 525
 818 2212 6755
 819 1730 5275
 820 3523 5909
 821 2907 1016
 822 7924 8066
 823 1328 6358
 824 5499 7188
 825 2899 2228
 826 8702 5614
 827 1496 341
 828 8275 132
 829 50 5024
 830 1312 8148
 831 3095 9697
 832 6842 2811
 833 8495 5821
 834 808 6753
 835 3265 9187
 836 7230 6400
 837 3351 557
 838 6253 9712
 839 1222 7159
 840 3275 6231
 841 172 1291
 842 537 9538
 843 2241 920
 844 9218 4801
 845 7198 6668
 846 6818 7741
 847 9748 9959
 848 5790 1588
 849 8020 4755
 850 9488 4937
 851 7435 5893
 852 7549 7648
 853 7029 8504
 854 5955 5700
 855 1085 9149
 856 4252 7667
 857 7309 4390
 858 5972 8612
 859 7180 8998
 860 714 2804
 861 4644 2780
 862 8317 8271
 863 135 7224
 864 9290 4137
 865 563 2507
 866 8978 7899
 867 3454 8824
 868 7093 8701
 869 4408 1632
 870 8228 8663
 871 299 4707
 872 1609 8744
 873 2144 2645
 874 9857 7276
 875 4437 2050
 876 8929 9648
 877 3264 4641
 878 8422 4007
 879 4298 2050
 880 2222 9089
 881 9502 9672
 882 7026 327
 883 6003 5422
 884 2092 7640
 885 2496 9233
 886 6083 2759
 887 7606 9273
 888 3547 2869
 889 1604 8443
 890 3202 4926
 891 5374 3379
 892 1327 8108
 893 7999 6136
 894 2907 3466
 895 7305 4864
 896 1605 3704
 897 6756 6525
 898 4205 4906
 899 8244 5103
 900 4694 3864
 901 4349 3753
 902 9567 2504
 903 6665 2561
 904 2329 1035
 905 4725 7023
 906 7009 9913
 907 2426 7865
 908 1167 4550
 909 4705 3856
 910 3114 4483
 911 5968 4021
 912 1558 9614
 913 5018 9257
 914 8478 8585
 915 442 6524
 916 7429 3419
 917 9209 5674
 918 57 2425
 919 6443 7998
 920 9507 4867
 921 2346 5277
 922 7808 9054
 923 6395 355
 924 7692 4842
 925 6552 6433
 926 9909 1627
 927 5085 768
 928 3679 2505
 929 6966 5495
 930 1198 859
 931 5873 7041
 932 3110 2023
 933 4849 4013
 934 2761 8158
 935 2951 8213
 936 8486 5467
 937 9318 3879
 938 1794 1343
 939 7197 9327
 940 7124 4918
 941 2975 844
 942 8033 181
 943 2262 2678
 944 1145 7244
 945 6027 665
 946 7517 632
 947 337 1827
 948 6703 7264
 949 2364 2958
 950 1164 4511
 951 9992 1622
 952 9060 2092
 953 8760 5773
 954 6264 1054
 955 4717 7437
 956 4558 3533
 957 5888 4544
 958 3481 1677
 959 6079 9340
 960 7619 7335
 961 7795 476
 962 907 5363
 963 4110 6115
 964 6091 8112
 965 5736 2872
 966 5233 8751
 967 3121 292
 968 471 8398
 969 1713 4199
 970 8733 241
 971 9914 8787
 972 3845 6576
 973 6700 6200
 974 3587 8114
 975 6898 9746
 976 3151 4456
 977 8917 2040
 978 5713 8655
 979 5935 5136
 980 6361 3030
 981 9886 1769
 982 4611 3567
 983 2729 925
 984 4415 1032
 985 5152 5478
 986 329 9019
 987 5767 8342
 988 5864 9800
 989 1181 1780
 990 4604 3043
 991 229 247
 992 2223 2082
 993 9687 8218
 994 7699 944
 995 6383 1919
 996 8927 548
 997 4857 1575
 998 5029 7158
 999 2524 8240
 1000 2248 8311
 1001 8336 4588
 1002 790 447
 1003 7291 2271
 1004 1885 1757
 1005 8148 444
 1006 7527 231
 1007 8250 8526
 1008 8850 3922
 1009 56 9949
 1010 380 8295
 1011 2617 3090
 1012 1093 4248
 1013 4986 7262
 1014 8115 8192
 1015 8318 561
 1016 2760 3540
 1017 4244 3215
 1018 1838 3177
 1019 8052 1582
 1020 2896 9548
 1021 994 2447
 1022 2596 4
 1023 3628 6258
 1024 7141 9596
 1025 5372 9179
 1026 841 8259
 1027 3110 9449
 1028 1503 9973
 1029 1927 7459
 1030 2761 6303
 1031 1503 4749
 1032 5096 2286
 1033 2333 5645
 1034 4822 1132
 1035 2642 2512
 1036 7695 2510
 1037 539 4470
 1038 8900 5942
 1039 3682 6444
 1040 4739 5256
 1041 5369 7
 1042 1372 6857
 1043 1354 7637
 1044 4206 4332
 1045 6534 4496
 1046 7952 4761
 1047 7846 8909
 1048 8741 7484
 1049 3977 6554
 1050 8196 2691
 1051 1239 2147
 1052 2455 8117
 1053 3534 3941
 1054 8506 5513
 1055 91 563
 1056 2458 4463
 1057 1922 5860
 1058 7797 9903
 1059 3995 5418
 1060 1032 9916
 1061 3160 8997
 1062 2318 4860
 1063 6527 6620
 1064 6957 7602
 1065 523 8045
 1066 9387 1564
 1067 3620 588
 1068 5453 1532
 1069 8348 8196
 1070 9111 1034
 1071 6348 7231
 1072 5998 3872
 1073 7362 5150
 1074 8435 1878
 1075 6204 8792
 1076 5398 4056
 1077 3352 2984
 1078 5477 7568
 1079 7302 2983
 1080 5455 1594
 1081 6930 5383
 1082 4793 6318
 1083 1491 5722
 1084 6952 8432
 1085 3822 3752
 1086 9547 80
 1087 184 1082
 1088 3184 6527
 1089 3992 1298
 1090 2483 6184
 1091 4176 3220
 1092 5926 3941
 1093 359 4440
 1094 6059 7031
 1095 1196 7639
 1096 3969 4655
 1097 435 5692
 1098 3746 8929
 1099 7383 7347
 1100 5862 2652
 1101 4857 4791
 1102 8160 55
 1103 6121 4546
 1104 4215 4450
 1105 2293 6862
 1106 2313 6194
 1107 1134 4570
 1108 1505 388
 1109 5077 2643
 1110 2186 3279
 1111 5249 1578
 1112 637 2985
 1113 9359 4914
 1114 2841 2463
 1115 4990 6924
 1116 152 144
 1117 3397 9513
 1118 9838 2821
 1119 8195 8847
 1120 502 4440
 1121 8025 4806
 1122 8988 421
 1123 2428 1233
 1124 894 9892
 1125 2375 7856
 1126 1851 6018
 1127 3900 6871
 1128 1489 8572
 1129 1203 3970
 1130 8868 5737
 1131 2948 5947
 1132 243 6322
 1133 227 6500
 1134 7773 8835
 1135 7704 450
 1136 1757 8590
 1137 2313 6822
 1138 3030 6728
 1139 5370 7735
 1140 7684 4964
 1141 2322 2859
 1142 5550 5399
 1143 8917 6060
 1144 8225 7766
 1145 8922 3540
 1146 3235 795
 1147 3341 5580
 1148 6730 1268
 1149 3972 1698
 1150 6218 8184
 1151 1527 9384
 1152 6064 1043
 1153 8153 3998
 1154 702 7594
 1155 6571 9737
 1156 2385 6381
 1157 5502 648
 1158 3732 8438
 1159 7595 8065
 1160 4562 3065
 1161 3860 3604
 1162 6181 1641
 1163 6204 3501
 1164 727 5257
 1165 9521 4065
 1166 783 9189
 1167 6242 561
 1168 7716 9196
 1169 2104 8830
 1170 6868 7005
 1171 3910 3958
 1172 1163 2160
 1173 2786 6457
 1174 4342 1729
 1175 2996 3078
 1176 710 6942
 1177 4171 7483
 1178 4530 238
 1179 8228 8672
 1180 7422 3040
 1181 5797 8921
 1182 9141 725
 1183 5483 1120
 1184 8967 3982
 1185 1734 9095
 1186 8540 2301
 1187 2961 5049
 1188 6130 6859
 1189 112 2719
 1190 9812 8469
 1191 7924 9096
 1192 3633 5245
 1193 7867 6337
 1194 8826 4931
 1195 2318 3474
 1196 2127 5465
 1197 1382 4656
 1198 6406 2749
 1199 4249 3654
 1200 9599 1346
 1201 2429 2933
 1202 17 2996
 1203 1487 2343
 1204 5518 6800
 1205 145 8961
 1206 6531 260
 1207 7910 7620
 1208 3676 6729
 1209 8744 1337
 1210 5674 3783
 1211 8128 8505
 1212 9712 3957
 1213 3175 4503
 1214 607 6417
 1215 8447 4735
 1216 7031 3570
 1217 8954 5510
 1218 4729 5866
 1219 9479 5879
 1220 3645 9258
 1221 6185 171
 1222 8556 4263
 1223 2543 5847
 1224 6911 9302
 1225 9582 9201
 1226 2485 331
 1227 4461 8430
 1228 7857 8700
 1229 3848 4924
 1230 7884 7301
 1231 9935 1538
 1232 6433 5021
 1233 2703 7005
 1234 7129 466
 1235 3661 8797
 1236 1576 1895
 1237 9265 3648
 1238 9367 8553
 1239 8247 693
 1240 5674 9774
 1241 5001 5151
 1242 63 9643
 1243 1503 3611
 1244 4013 7330
 1245 5960 4892
 1246 2466 4895
 1247 3153 756
 1248 830 9516
 1249 6864 316
 1250 4437 6176
 1251 2868 2491
 1252 7999 4610
 1253 8323 798
 1254 64 1626
 1255 3424 7665
 1256 8401 8531
 1257 3088 8050
 1258 951 3759
 1259 6465 2023
 1260 4574 4654
 1261 1260 9561
 1262 158 7204
 1263 9723 6335
 1264 9551 6080
 1265 8373 3269
 1266 6660 1226
 1267 5989 5073
 1268 4997 8840
 1269 2281 3158
 1270 2597 6791
 1271 8064 714
 1272 8852 2060
 1273 4945 818
 1274 6332 7908
 1275 8557 993
 1276 6542 646
 1277 5018 195
 1278 9761 5048
 1279 460 1529
 1280 4070 2982
 1281 125 536
 1282 1096 9677
 1283 69 8905
 1284 3758 3174
 1285 9554 6089
 1286 7175 3633
 1287 9697 9239
 1288 9593 2373
 1289 4595 5405
 1290 1583 9104
 1291 6177 6082
 1292 5759 3442
 1293 7187 8242
 1294 528 1916
 1295 7464 4589
 1296 8792 5034
 1297 9958 3505
 1298 5207 1523
 1299 7363 9711
 1300 6724 226
 1301 6140 215
 1302 9145 6506
 1303 499 9520
 1304 6438 9768
 1305 9045 2654
 1306 4016 9839
 1307 2915 2551
 1308 1567 3508
 1309 6618 7924
 1310 6965 9507
 1311 8938 4024
 1312 9098 234
 1313 5748 6086
 1314 1006 2675
 1315 2595 7939
 1316 4685 6936
 1317 1703 9241
 1318 9625 1263
 1319 6941 5799
 1320 4219 7654
 1321 2976 8768
 1322 1261 5203
 1323 2247 1453
 1324 8428 5304
 1325 7535 8428
 1326 9369 9992
 1327 1045 1306
 1328 9275 9656
 1329 9338 5161
 1330 5127 6478
 1331 7388 4658
 1332 5785 3161
 1333 1340 2914
 1334 8861 885
 1335 9351 1175
 1336 5560 178
 1337 5303 3744
 1338 800 8762
 1339 3273 3883
 1340 8152 4147
 1341 6402 2347
 1342 2535 6569
 1343 4571 7743
 1344 5917 4450
 1345 2084 6290
 1346 5077 6187
 1347 4716 529
 1348 5472 7117
 1349 4250 2348
 1350 6845 3334
 1351 8245 3696
 1352 3955 6774
 1353 6895 478
 1354 9132 4847
 1355 7496 6355
 1356 5149 5882
 1357 529 5811
 1358 3047 2419
 1359 5631 2994
 1360 9768 2537
 1361 9968 4372
 1362 364 4480
 1363 8379 9144
 1364 4343 4073
 1365 7929 4553
 1366 5749 6944
 1367 9956 1980
 1368 7534 8596
 1369 1127 5717
 1370 939 4172
 1371 1487 484
 1372 5262 4658
 1373 2750 1107
 1374 679 7587
 1375 7578 3425
 1376 426 9539
 1377 7803 1066
 1378 1412 4529
 1379 5777 2489
 1380 4903 1784
 1381 6739 3626
 1382 2245 6001
 1383 8310 2007
 1384 5906 6302
 1385 9623 857
 1386 9682 8807
 1387 5281 1241
 1388 7088 5422
 1389 637 9204
 1390 4974 8780
 1391 2875 7023
 1392 4596 926
 1393 7763 1797
 1394 7405 6986
 1395 3787 5060
 1396 2501 5412
 1397 8938 2133
 1398 7629 976
 1399 2047 3534
 1400 2309 9409
 1401 7956 504
 1402 7179 7847
 1403 4688 7758
 1404 5282 7007
 1405 9638 4956
 1406 8842 2397
 1407 1990 168
 1408 3415 6871
 1409 5380 6153
 1410 9073 7694
 1411 194 4976
 1412 7694 1835
 1413 2782 9346
 1414 1431 6081
 1415 9165 6288
 1416 180 3092
 1417 4575 1356
 1418 501 3148
 1419 1424 1991
 1420 7581 4749
 1421 7523 7362
 1422 7480 5905
 1423 6868 9351
 1424 4237 888
 1425 1211 892
 1426 9608 2143
 1427 9433 5503
 1428 6369 1832
 1429 8966 7847
 1430 2013 5238
 1431 3959 9232
 1432 507 5524
 1433 8936 3042
 1434 202 1334
 1435 9818 7121
 1436 2737 7247
 1437 1908 9461
 1438 9646 3546
 1439 6212 7801
 1440 2693 4242
 1441 246 4019
 1442 8176 5643
 1443 7187 8168
 1444 5275 1867
 1445 2449 6992
 1446 1038 9890
 1447 5996 1891
 1448 8880 4796
 1449 1326 7172
 1450 8595 8815
 1451 7285 7712
 1452 9734 3633
 1453 5236 6513
 1454 6841 7890
 1455 7939 8901
 1456 38 9820
 1457 4687 3208
 1458 2808 8981
 1459 2899 1645
 1460 859 6507
 1461 9589 5093
 1462 2359 7520
 1463 7121 1263
 1464 7480 722
 1465 1058 9279
 1466 481 9377
 1467 9232 3319
 1468 7227 9584
 1469 4272 4960
 1470 6933 9749
 1471 6798 5338
 1472 5714 3459
 1473 1087 8839
 1474 2235 9288
 1475 8588 4492
 1476 3528 7830
 1477 1425 5444
 1478 4066 5350
 1479 3954 1320
 1480 255 1910
 1481 9778 4335
 1482 6289 2487
 1483 2363 124
 1484 5311 8811
 1485 2599 37
 1486 7031 5548
 1487 7655 955
 1488 3684 923
 1489 1142 2810
 1490 6828 1779
 1491 8442 9845
 1492 1291 3911
 1493 9159 2009
 1494 3357 9022
 1495 7341 4440
 1496 5014 8642
 1497 2881 1229
 1498 2226 7364
 1499 1363 7835
 1500 9803 334
 1501 5981 2012
 1502 6539 1249
 1503 2987 7677
 1504 3784 1038
 1505 7110 9032
 1506 3999 5812
 1507 7360 3032
 1508 4665 4910
 1509 2727 3197
 1510 1899 7156
 1511 9221 9658
 1512 3485 2377
 1513 2670 5943
 1514 5719 7733
 1515 341 9995
 1516 6827 5788
 1517 8987 7811
 1518 1796 5800
 1519 2251 4480
 1520 7001 4489
 1521 1113 337
 1522 8975 8238
 1523 7686 6319
 1524 4514 7343
 1525 2721 1135
 1526 8311 1442
 1527 2289 7631
 1528 1151 8680
 1529 7693 4695
 1530 1815 2826
 1531 4277 1851
 1532 4138 5767
 1533 6646 5900
 1534 1273 2170
 1535 2901 3077
 1536 8153 7421
 1537 4307 5891
 1538 8704 582
 1539 5329 7718
 1540 5395 4837
 1541 4989 4406
 1542 9893 6725
 1543 2524 3934
 1544 636 879
 1545 7703 8277
 1546 2427 3789
 1547 1158 3946
 1548 4193 6338
 1549 2135 779
 1550 409 5804
 1551 4843 6617
 1552 8171 5237
 1553 1608 1093
 1554 6065 2810
 1555 1606 4403
 1556 2166 8458
 1557 1647 1954
 1558 710 2528
 1559 6218 9836
 1560 7520 9921
 1561 4963 660
 1562 5548 4145
 1563 6764 2717
 1564 1444 737
 1565 1203 191
 1566 1412 1831
 1567 8852 4398
 1568 9072 9247
 1569 5391 4788
 1570 1365 8154
 1571 2730 1011
 1572 6957 1636
 1573 4227 9057
 1574 1952 9880
 1575 7871 5157
 1576 8756 8549
 1577 6011 9430
 1578 6484 7886
 1579 722 8656
 1580 2968 5519
 1581 6031 2299
 1582 5061 3174
 1583 2934 2048
 1584 2782 5560
 1585 4449 6816
 1586 6667 9513
 1587 101 2480
 1588 6700 9334
 1589 9069 3194
 1590 7242 6
 1591 8165 7470
 1592 3187 7079
 1593 6770 8139
 1594 1886 4408
 1595 7197 8902
 1596 5250 4975
 1597 4111 1996
 1598 6718 8829
 1599 5793 3567
 1600 5132 1656
 1601 3072 8030
 1602 1857 9849
 1603 8271 7534
 1604 7011 235
 1605 9487 4848
 1606 6990 6081
 1607 2847 7133
 1608 1208 921
 1609 5542 2690
 1610 8460 7935
 1611 8426 5618
 1612 8893 2857
 1613 3667 6793
 1614 7740 6458
 1615 5025 7403
 1616 1008 8074
 1617 3028 6617
 1618 529 6454
 1619 8013 8962
 1620 2825 4268
 1621 755 9788
 1622 3048 5922
 1623 9337 9315
 1624 3034 3596
 1625 2051 3582
 1626 6268 3934
 1627 7596 4847
 1628 5226 7447
 1629 2165 3080
 1630 312 5830
 1631 8231 9819
 1632 3362 2135
 1633 3341 2696
 1634 1986 1791
 1635 1739 5277
 1636 4830 3272
 1637 6715 2747
 1638 3845 548
 1639 504 6019
 1640 8865 5035
 1641 374 2885
 1642 6458 6270
 1643 937 3531
 1644 3740 8802
 1645 856 898
 1646 1415 3033
 1647 8283 6215
 1648 7711 1921
 1649 3912 7544
 1650 7741 44
 1651 2808 9570
 1652 7231 982
 1653 3758 9901
 1654 8166 8582
 1655 7631 9509
 1656 9208 8690
 1657 1290 6748
 1658 9951 5906
 1659 5030 4798
 1660 7981 6250
 1661 2661 7913
 1662 5441 7746
 1663 2084 8368
 1664 1126 700
 1665 6380 2864
 1666 343 3100
 1667 737 9523
 1668 911 4085
 1669 7693 3325
 1670 6910 4145
 1671 2942 222
 1672 3946 771
 1673 3283 5322
 1674 9610 3752
 1675 1314 9762
 1676 2678 720
 1677 3964 3919
 1678 8960 7351
 1679 1609 1261
 1680 3692 1170
 1681 5007 2795
 1682 397 3356
 1683 9658 4884
 1684 6402 9345
 1685 2390 5214
 1686 3033 3563
 1687 2684 5600
 1688 5382 8363
 1689 6739 698
 1690 8470 9793
 1691 6160 933
 1692 9254 4825
 1693 3353 555
 1694 1996 9867
 1695 7729 5868
 1696 576 3851
 1697 380 217
 1698 1857 7882
 1699 6894 4066
 1700 5393 9090
 1701 1984 1820
 1702 6170 5620
 1703 5600 1090
 1704 9873 3814
 1705 7984 9541
 1706 5884 3881
 1707 6509 8508
 1708 9085 8985
 1709 3895 8258
 1710 5603 5933
 1711 7176 9102
 1712 7274 1153
 1713 3580 3092
 1714 6347 2524
 1715 6041 9823
 1716 1783 9775
 1717 9666 6935
 1718 1784 6645
 1719 9631 279
 1720 7172 4100
 1721 7828 94
 1722 2346 5226
 1723 3023 8486
 1724 6820 3656
 1725 8505 9386
 1726 9665 7016
 1727 7894 4347
 1728 1477 6636
 1729 843 2206
 1730 6232 9446
 1731 2 2600
 1732 9615 2478
 1733 7968 7360
 1734 2914 5127
 1735 357 9757
 1736 2337 1329
 1737 4091 5893
 1738 5372 8525
 1739 5698 4099
 1740 1143 53
 1741 778 8748
 1742 557 693
 1743 825 9739
 1744 108 2866
 1745 7610 6972
 1746 2424 1868
 1747 3676 3387
 1748 3425 9585
 1749 943 5025
 1750 2738 3852
 1751 533 4644
 1752 883 7217
 1753 3519 480
 1754 3586 1602
 1755 4948 9874
 1756 3072 4771
 1757 7424 1481
 1758 8012 4509
 1759 6364 3619
 1760 7570 3472
 1761 3973 7034
 1762 199 9938
 1763 9513 9449
 1764 779 4277
 1765 1415 1024
 1766 9509 3472
 1767 6221 5761
 1768 3516 6804
 1769 8007 9346
 1770 3512 2940
 1771 455 845
 1772 7488 1119
 1773 7971 4083
 1774 8761 4547
 1775 4389 5450
 1776 2720 8120
 1777 451 8984
 1778 1512 9456
 1779 2323 8094
 1780 1442 5169
 1781 512 2288
 1782 5215 4690
 1783 6754 2640
 1784 5377 8708
 1785 5509 307
 1786 860 6985
 1787 304 6382
 1788 7411 9583
 1789 3290 19
 1790 3380 3748
 1791 1043 293
 1792 2906 1437
 1793 1525 1960
 1794 642 7145
 1795 6490 6564
 1796 4007 5971
 1797 3025 139
 1798 2555 7306
 1799 9065 8250
 1800 9649 4875
 1801 4397 2205
 1802 1094 6549
 1803 2149 6400
 1804 5806 4407
 1805 969 4946
 1806 1167 6921
 1807 3942 5023
 1808 7050 8844
 1809 3243 7706
 1810 9066 5243
 1811 4380 9047
 1812 3284 3288
 1813 5581 2114
 1814 9334 8835
 1815 2098 7870
 1816 5475 3364
 1817 1090 3668
 1818 711 1924
 1819 1649 2598
 1820 1771 4622
 1821 8714 4071
 1822 4350 1829
 1823 8854 839
 1824 9159 3174
 1825 19 365
 1826 7421 7124
 1827 170 334
 1828 6114 1008
 1829 7839 5716
 1830 2452 7484
 1831 3265 9429
 1832 3894 9374
 1833 3809 627
 1834 1637 6837
 1835 7189 3852
 1836 9395 3870
 1837 8213 2250
 1838 4927 510
 1839 8619 4365
 1840 8069 3730
 1841 5831 31
 1842 9015 8166
 1843 4015 7594
 1844 3111 354
 1845 6180 5096
 1846 8728 6981
 1847 36 626
 1848 8743 3234
 1849 6284 3543
 1850 523 343
 1851 5646 6930
 1852 1976 8364
 1853 4736 1802
 1854 5886 4869
 1855 155 10000
 1856 1297 6932
 1857 7327 4871
 1858 4850 3973
 1859 5939 4067
 1860 831 2020
 1861 4585 3655
 1862 4035 2159
 1863 1542 8672
 1864 9955 5237
 1865 2002 5126
 1866 2016 5210
 1867 8132 9220
 1868 1477 8477
 1869 3098 8087
 1870 1491 2991
 1871 4411 7334
 1872 1380 6670
 1873 3894 3539
 1874 3287 5835
 1875 4068 4973
 1876 6781 5736
 1877 754 1123
 1878 9486 9219
 1879 266 6835
 1880 5483 6403
 1881 7259 4805
 1882 8971 6243
 1883 4196 5582
 1884 7981 5291
 1885 6991 8554
 1886 8095 9204
 1887 8737 721
 1888 6853 653
 1889 9807 3591
 1890 3957 2423
 1891 6497 3061
 1892 6925 9010
 1893 3504 1494
 1894 9348 9453
 1895 4632 1103
 1896 5056 5200
 1897 7730 559
 1898 5111 7680
 1899 3548 6282
 1900 1423 7154
 1901 7496 8141
 1902 8489 8312
 1903 783 2140
 1904 2727 1154
 1905 4939 440
 1906 7712 1332
 1907 6069 7361
 1908 5065 1538
 1909 9579 2805
 1910 5745 508
 1911 864 7508
 1912 8680 3011
 1913 1039 8230
 1914 69 3762
 1915 7217 3137
 1916 7423 8693
 1917 9170 2341
 1918 8881 336
 1919 422 4312
 1920 1016 306
 1921 2914 6246
 1922 6802 1706
 1923 7070 4860
 1924 9026 8209
 1925 580 9635
 1926 5876 1191
 1927 5332 6470
 1928 4301 8150
 1929 2357 8361
 1930 6826 2034
 1931 4532 5704
 1932 1380 851
 1933 1329 8762
 1934 880 6618
 1935 7142 6186
 1936 6415 1177
 1937 9139 3929
 1938 8703 5285
 1939 5009 1144
 1940 2184 4169
 1941 3712 9760
 1942 7812 1614
 1943 4323 3489
 1944 5787 4719
 1945 7183 8876
 1946 176 1718
 1947 5680 9291
 1948 5371 4797
 1949 1010 9395
 1950 5577 7542
 1951 3078 9317
 1952 3134 5924
 1953 7615 7738
 1954 6949 891
 1955 3752 5427
 1956 2553 8024
 1957 8924 5452
 1958 7952 909
 1959 4484 7844
 1960 6595 5265
 1961 2092 5025
 1962 502 7125
 1963 4759 5936
 1964 1094 4350
 1965 9886 2364
 1966 454 6696
 1967 4441 3725
 1968 8830 2400
 1969 4187 5386
 1970 6056 7901
 1971 5081 7947
 1972 2233 5372
 1973 6536 7025
 1974 6032 4108
 1975 657 9346
 1976 2995 5133
 1977 1450 332
 1978 1859 1109
 1979 7336 4026
 1980 3882 218
 1981 4849 9126
 1982 7806 1956
 1983 1122 6103
 1984 8962 438
 1985 2333 5039
 1986 8624 8194
 1987 9748 1982
 1988 6508 8792
 1989 2853 8648
 1990 2737 7278
 1991 5912 1127
 1992 7502 3329
 1993 4363 248
 1994 9790 5401
 1995 1351 8048
 1996 2132 6766
 1997 6752 597
 1998 8194 2065
 1999 4378 801
 2000 5853 6972
 2001 894 1104
 2002 7201 7789
 2003 3369 1120
 2004 1489 9435
 2005 7537 6372
 2006 3616 7807
 2007 9571 779
 2008 4944 349
 2009 386 829
 2010 4084 4769
 2011 2660 7729
 2012 5336 2347
 2013 8939 6731
 2014 4570 2857
 2015 1869 2338
 2016 5991 1445
 2017 7340 7936
 2018 5305 4848
 2019 1388 4372
 2020 6560 4271
 2021 2363 9073
 2022 60 3749
 2023 7630 626
 2024 2794 6713
 2025 4480 4670
 2026 5681 4934
 2027 1531 5108
 2028 2114 7611
 2029 2843 1911
 2030 6985 5388
 2031 5152 5815
 2032 8555 9632
 2033 8697 7573
 2034 4828 4595
 2035 5096 8328
 2036 545 8851
 2037 6040 9883
 2038 294 3132
 2039 2271 6349
 2040 5705 366
 2041 3465 8267
 2042 3516 7440
 2043 6999 6530
 2044 6609 2175
 2045 8163 5378
 2046 5551 9892
 2047 7113 180
 2048 7058 5554
 2049 7882 3853
 2050 5610 536
 2051 1838 2285
 2052 9265 2593
 2053 7499 9125
 2054 9625 2831
 2055 6077 274
 2056 7129 9523
 2057 173 405
 2058 1511 8793
 2059 9630 6398
 2060 6362 7125
 2061 4790 3879
 2062 3009 9570
 2063 8407 3672
 2064 4349 8367
 2065 83 9398
 2066 8774 6392
 2067 2643 3490
 2068 9545 5976
 2069 6553 4164
 2070 725 8782
 2071 8077 5273
 2072 9140 625
 2073 6399 7688
 2074 3315 6888
 2075 3711 2479
 2076 1920 2084
 2077 1782 900
 2078 2968 6579
 2079 4942 6872
 2080 8619 2693
 2081 6113 9961
 2082 1917 7829
 2083 4855 1355
 2084 6242 5349
 2085 5862 4397
 2086 8851 5796
 2087 5549 3658
 2088 9970 4900
 2089 1138 9272
 2090 7867 6886
 2091 754 4119
 2092 488 3937
 2093 6610 3136
 2094 5350 9555
 2095 588 9317
 2096 7740 9937
 2097 9941 6305
 2098 7556 1870
 2099 7707 4556
 2100 3378 8556
 2101 4376 2083
 2102 7824 3337
 2103 9434 8823
 2104 5721 194
 2105 6111 6346
 2106 8756 3666
 2107 9107 8875
 2108 7439 9616
 2109 9574 8885
 2110 9387 3396
 2111 7963 1463
 2112 1287 7239
 2113 6951 4123
 2114 9741 5011
 2115 5670 3426
 2116 9476 6651
 2117 397 7488
 2118 7923 8819
 2119 9581 2833
 2120 3042 9192
 2121 8539 6608
 2122 8521 7968
 2123 2539 3774
 2124 6831 4264
 2125 5890 1845
 2126 4543 7427
 2127 4387 8638
 2128 9974 3485
 2129 1874 5582
 2130 2633 7936
 2131 2341 1910
 2132 5339 9123
 2133 2486 2008
 2134 9179 1910
 2135 5293 9097
 2136 4248 7343
 2137 7538 547
 2138 6164 3640
 2139 632 6136
 2140 7270 8236
 2141 8182 8197
 2142 8698 3197
 2143 7376 6120
 2144 2484 6304
 2145 4795 5404
 2146 5522 7392
 2147 6350 2527
 2148 8687 9597
 2149 635 2317
 2150 6250 4445
 2151 2990 6243
 2152 8740 8617
 2153 6856 2696
 2154 4205 1761
 2155 7033 3998
 2156 5802 1261
 2157 9957 4666
 2158 5230 8900
 2159 6416 775
 2160 6234 4820
 2161 3166 1265
 2162 490 7602
 2163 2787 4776
 2164 2533 8452
 2165 8479 9051
 2166 6537 3938
 2167 2514 8309
 2168 1891 4826
 2169 6940 351
 2170 2519 5484
 2171 2423 551
 2172 744 7288
 2173 4172 3052
 2174 1327 2525
 2175 5110 2245
 2176 2355 2608
 2177 1103 8492
 2178 5687 3991
 2179 2807 1617
 2180 2685 3941
 2181 6616 4798
 2182 9698 1086
 2183 5096 3308
 2184 5801 4189
 2185 4857 7234
 2186 7264 7717
 2187 6299 9211
 2188 8454 4353
 2189 2344 9928
 2190 8570 2465
 2191 3545 1289
 2192 9306 2163
 2193 6730 4900
 2194 1825 3112
 2195 6806 8165
 2196 7644 3002
 2197 6014 7756
 2198 8489 4109
 2199 864 5752
 2200 4755 7274
 2201 4781 763
 2202 3526 6810
 2203 726 4430
 2204 9504 6288
 2205 7940 4632
 2206 788 2271
 2207 3676 8903
 2208 596 9476
 2209 3023 9234
 2210 3346 2939
 2211 1923 2865
 2212 3809 2066
 2213 9267 943
 2214 2009 9819
 2215 2462 6004
 2216 7994 4093
 2217 7486 8156
 2218 6069 7823
 2219 5937 2027
 2220 175 4131
 2221 3376 1439
 2222 7946 4418
 2223 129 9568
 2224 6119 6354
 2225 4258 1801
 2226 7608 4437
 2227 386 3545
 2228 119 6289
 2229 8500 1926
 2230 6917 3769
 2231 4605 6061
 2232 7063 3676
 2233 528 2
 2234 491 4175
 2235 7517 6667
 2236 7885 2990
 2237 5061 126
 2238 8059 6070
 2239 5950 317
 2240 390 9441
 2241 6308 3427
 2242 7186 3450
 2243 3271 5015
 2244 2283 3347
 2245 8415 5590
 2246 2806 1052
 2247 6800 112
 2248 7389 3276
 2249 4637 5854
 2250 3668 2469
 2251 5195 8717
 2252 5112 3999
 2253 8165 8396
 2254 2742 8150
 2255 5185 9768
 2256 1801 6253
 2257 3324 2235
 2258 2738 554
 2259 1267 8334
 2260 2550 2123
 2261 7610 5230
 2262 335 1211
 2263 6871 9105
 2264 6760 1170
 2265 4422 3858
 2266 9009 5879
 2267 1829 4055
 2268 8490 3513
 2269 434 8824
 2270 9034 9138
 2271 904 1032
 2272 3874 9433
 2273 2950 7087
 2274 3331 1737
 2275 1692 7578
 2276 8761 4241
 2277 9145 3833
 2278 4569 4830
 2279 8233 9539
 2280 8044 9948
 2281 7113 7036
 2282 8908 636
 2283 592 7542
 2284 4942 5267
 2285 3665 2978
 2286 3241 848
 2287 118 1309
 2288 1621 1128
 2289 972 921
 2290 6549 2550
 2291 3307 8899
 2292 328 9921
 2293 9250 5365
 2294 278 7550
 2295 8539 7768
 2296 1684 6024
 2297 5221 7285
 2298 2455 4381
 2299 2912 3306
 2300 859 7786
 2301 3936 3659
 2302 7936 3479
 2303 7871 8257
 2304 6043 6176
 2305 967 6417
 2306 6366 181
 2307 6885 1987
 2308 6899 2890
 2309 3061 9987
 2310 9222 8050
 2311 2110 6269
 2312 2828 994
 2313 5483 5174
 2314 2592 504
 2315 4085 65
 2316 1800 9176
 2317 6988 289
 2318 6780 3042
 2319 9929 9733
 2320 8202 6759
 2321 4922 3366
 2322 6359 4530
 2323 1279 892
 2324 8560 8511
 2325 7803 9266
 2326 6823 7772
 2327 2368 1895
 2328 638 8567
 2329 7712 1907
 2330 8666 3484
 2331 1607 7985
 2332 8276 9999
 2333 269 4118
 2334 5521 6831
 2335 4873 89
 2336 524 2911
 2337 9478 3105
 2338 3784 6388
 2339 4659 7665
 2340 7308 6970
 2341 4786 7423
 2342 6663 2692
 2343 2377 229
 2344 8500 3504
 2345 9065 1845
 2346 5469 4010
 2347 4912 2707
 2348 1052 6909
 2349 1648 3737
 2350 9760 2082
 2351 4833 9472
 2352 3305 9737
 2353 636 8486
 2354 8803 9910
 2355 9303 1108
 2356 2662 6458
 2357 9776 5918
 2358 3123 846
 2359 7258 7522
 2360 8602 6848
 2361 9776 8108
 2362 491 5073
 2363 6563 8939
 2364 7410 9402
 2365 7431 1795
 2366 9970 8627
 2367 1511 8390
 2368 258 8247
 2369 3039 6378
 2370 2796 1515
 2371 8987 2227
 2372 791 8702
 2373 4014 8581
 2374 121 6234
 2375 2253 3005
 2376 9010 5835
 2377 7213 9226
 2378 5739 6006
 2379 4603 1192
 2380 8077 5777
 2381 3095 3086
 2382 9330 1650
 2383 7424 5006
 2384 3491 9947
 2385 3577 6683
 2386 4150 9602
 2387 5486 6160
 2388 1175 8607
 2389 9151 9714
 2390 6542 8412
 2391 2434 9505
 2392 1916 3389
 2393 1013 9129
 2394 7782 433
 2395 1520 1882
 2396 592 5968
 2397 9932 8781
 2398 1573 4582
 2399 615 7794
 2400 3942 3400
 2401 3130 5875
 2402 7796 9885
 2403 8154 7821
 2404 4777 6144
 2405 5256 3607
 2406 4975 880
 2407 8262 2426
 2408 3734 197
 2409 3181 658
 2410 7003 154
 2411 7337 2701
 2412 8414 3375
 2413 9301 9401
 2414 8094 5521
 2415 7349 3645
 2416 8786 4674
 2417 5399 1956
 2418 9828 5449
 2419 655 9288
 2420 9300 9059
 2421 3280 1535
 2422 7202 4478
 2423 2921 8791
 2424 8135 1495
 2425 6403 7241
 2426 4039 3415
 2427 7627 1606
 2428 1258 4602
 2429 3671 2933
 2430 3175 773
 2431 1468 2244
 2432 6065 5017
 2433 8739 861
 2434 1770 9184
 2435 5762 3494
 2436 7238 9445
 2437 2772 7270
 2438 5159 2951
 2439 2361 6619
 2440 4593 4626
 2441 9860 9991
 2442 8889 569
 2443 3881 8726
 2444 9601 458
 2445 500 2775
 2446 3639 7599
 2447 2580 7389
 2448 8107 3226
 2449 1274 1707
 2450 1315 4881
 2451 7004 4665
 2452 4956 3095
 2453 1426 9083
 2454 8817 9335
 2455 9413 2775
 2456 7994 3115
 2457 1759 504
 2458 22 9464
 2459 5527 2735
 2460 5612 4097
 2461 3725 6391
 2462 3468 13
 2463 758 3775
 2464 78 1871
 2465 31 2740
 2466 6422 4473
 2467 3267 1863
 2468 8017 2632
 2469 5091 5582
 2470 4745 6101
 2471 6943 6165
 2472 2270 758
 2473 5151 8213
 2474 6493 5507
 2475 1447 7025
 2476 2273 3450
 2477 2463 1305
 2478 3692 2835
 2479 4754 6362
 2480 7734 6035
 2481 1871 2349
 2482 9635 1808
 2483 1067 7971
 2484 4554 2994
 2485 4840 6006
 2486 5909 957
 2487 5505 2178
 2488 5409 2751
 2489 2187 8538
 2490 6259 9358
 2491 3235 7149
 2492 3937 5507
 2493 4165 9607
 2494 9827 7264
 2495 1517 1377
 2496 7159 540
 2497 5628 8142
 2498 2238 7878
 2499 6687 2073
 2500 7807 9590
 2501 8774 2213
 2502 1521 9455
 2503 6922 9685
 2504 7173 635
 2505 1381 2733
 2506 4656 7758
 2507 9656 7533
 2508 8608 616
 2509 9812 6568
 2510 6563 5485
 2511 1579 1137
 2512 9337 1163
 2513 3787 7493
 2514 3602 2631
 2515 5419 8926
 2516 8159 6058
 2517 3000 1071
 2518 948 8419
 2519 337 3190
 2520 4547 1972
 2521 2861 7381
 2522 9188 3114
 2523 9524 7649
 2524 2308 9051
 2525 7388 8804
 2526 7076 377
 2527 7352 3645
 2528 5963 1905
 2529 6738 2713
 2530 3476 4409
 2531 3016 530
 2532 7300 6949
 2533 6132 4005
 2534 4084 7533
 2535 7850 5860
 2536 9273 8398
 2537 1967 2596
 2538 1487 5933
 2539 859 2829
 2540 3998 695
 2541 3334 7377
 2542 3192 6202
 2543 4636 4741
 2544 9722 3175
 2545 1455 1965
 2546 958 755
 2547 37 2767
 2548 8598 5874
 2549 6134 5993
 2550 3286 4666
 2551 9339 2706
 2552 1390 8028
 2553 1415 984
 2554 8086 1249
 2555 3823 4979
 2556 4697 7959
 2557 8401 8195
 2558 1857 3553
 2559 726 4630
 2560 8616 8639
 2561 6965 8437
 2562 5132 8296
 2563 7374 1062
 2564 9489 4405
 2565 6716 7589
 2566 2465 4401
 2567 3828 9598
 2568 910 6887
 2569 6281 7194
 2570 4219 1959
 2571 7488 136
 2572 6240 1664
 2573 4951 216
 2574 3736 7352
 2575 9021 8241
 2576 1961 1386
 2577 4199 9534
 2578 3929 7854
 2579 4974 1673
 2580 6443 9593
 2581 2242 4383
 2582 6616 4861
 2583 9872 2031
 2584 5691 3501
 2585 2444 5412
 2586 6107 7472
 2587 1368 7030
 2588 4250 3364
 2589 6164 4735
 2590 822 2405
 2591 6761 9925
 2592 8768 6557
 2593 4553 1101
 2594 2595 6925
 2595 7264 1150
 2596 2503 2852
 2597 9348 6209
 2598 8333 3022
 2599 9493 5458
 2600 6439 2979
 2601 2100 4307
 2602 8477 1778
 2603 7851 9866
 2604 3701 3035
 2605 7952 1647
 2606 2257 3373
 2607 5675 8280
 2608 2210 9092
 2609 4537 400
 2610 7941 9812
 2611 6460 6012
 2612 7794 4017
 2613 7408 4384
 2614 9206 6426
 2615 5017 2088
 2616 2850 6808
 2617 5072 6482
 2618 4732 9015
 2619 4646 4477
 2620 6998 7931
 2621 9519 7860
 2622 4689 8757
 2623 5501 2938
 2624 8504 5279
 2625 7215 9063
 2626 9860 3099
 2627 3319 6537
 2628 4483 1512
 2629 1576 316
 2630 9656 2521
 2631 1018 1087
 2632 2229 6326
 2633 5454 4765
 2634 9152 9228
 2635 5032 6316
 2636 287 870
 2637 4115 9066
 2638 5159 8650
 2639 8330 9199
 2640 8539 7126
 2641 894 8671
 2642 7759 5105
 2643 804 4101
 2644 7681 8739
 2645 9998 8155
 2646 5190 6391
 2647 7687 1747
 2648 3512 2444
 2649 2716 9299
 2650 7862 3993
 2651 9388 9596
 2652 2451 3762
 2653 4799 6490
 2654 9513 5895
 2655 748 3312
 2656 1640 1102
 2657 6495 9773
 2658 9675 1227
 2659 7217 9554
 2660 2276 4191
 2661 5467 4358
 2662 9132 3742
 2663 7382 4636
 2664 6455 1084
 2665 6261 620
 2666 4315 8908
 2667 4406 2082
 2668 1876 7382
 2669 8474 4617
 2670 1114 8597
 2671 147 191
 2672 6317 9840
 2673 828 6346
 2674 7265 3271
 2675 659 705
 2676 6636 6719
 2677 9266 3645
 2678 9175 7513
 2679 728 5964
 2680 9786 5047
 2681 1760 4583
 2682 4234 1745
 2683 9932 8301
 2684 3046 7514
 2685 910 3602
 2686 5065 6601
 2687 6800 4603
 2688 6626 4944
 2689 2513 766
 2690 4693 8055
 2691 1898 9098
 2692 841 6999
 2693 2049 6220
 2694 8729 6475
 2695 5783 8832
 2696 7680 7943
 2697 1251 9474
 2698 6230 4902
 2699 52 8772
 2700 6422 1805
 2701 8122 4437
 2702 9133 8430
 2703 2544 4006
 2704 3900 9949
 2705 2220 359
 2706 9051 8481
 2707 19 2501
 2708 1787 926
 2709 3268 250
 2710 551 6180
 2711 4394 3733
 2712 7234 446
 2713 8474 3425
 2714 2315 8897
 2715 7154 7250
 2716 6632 9260
 2717 5981 9737
 2718 33 8843
 2719 7970 6772
 2720 2111 5707
 2721 2055 2507
 2722 8797 3356
 2723 6867 2091
 2724 4726 2936
 2725 2830 1802
 2726 8444 4230
 2727 7409 8371
 2728 7329 2189
 2729 359 1598
 2730 4440 1666
 2731 691 8475
 2732 4092 4460
 2733 9402 232
 2734 8460 5989
 2735 1895 525
 2736 2631 6341
 2737 679 4452
 2738 740 1915
 2739 4761 9353
 2740 8346 6291
 2741 3115 5437
 2742 2500 7803
 2743 3194 5698
 2744 9140 9461
 2745 7749 5990
 2746 4888 5970
 2747 5864 1787
 2748 2471 8701
 2749 8960 4524
 2750 6760 1097
 2751 976 8428
 2752 624 202
 2753 9015 7467
 2754 8498 2862
 2755 1335 379
 2756 2528 62
 2757 8957 4815
 2758 6900 5956
 2759 5277 2195
 2760 1503 7955
 2761 3156 7937
 2762 6026 7940
 2763 2700 4853
 2764 4168 8599
 2765 4311 1893
 2766 2250 8998
 2767 99 8924
 2768 4657 4250
 2769 3417 5502
 2770 7820 7109
 2771 4050 6576
 2772 5432 9821
 2773 6155 8076
 2774 9141 1126
 2775 4834 8045
 2776 3194 6746
 2777 4389 3683
 2778 230 3573
 2779 1161 447
 2780 3017 5401
 2781 4162 4932
 2782 9391 9771
 2783 622 2547
 2784 3816 9300
 2785 9619 9556
 2786 4909 8573
 2787 2856 692
 2788 1792 1116
 2789 8512 4826
 2790 5239 7995
 2791 8801 3603
 2792 2456 6136
 2793 8871 5707
 2794 7464 2338
 2795 8686 7519
 2796 1819 433
 2797 102 9258
 2798 649 1209
 2799 234 6483
 2800 4008 1461
 2801 3211 1449
 2802 1486 5244
 2803 8233 9813
 2804 6210 5026
 2805 8857 8697
 2806 9678 2401
 2807 6856 9592
 2808 2826 40
 2809 8847 5143
 2810 1678 8065
 2811 7717 6604
 2812 7610 5511
 2813 1002 6310
 2814 222 5840
 2815 5376 4238
 2816 247 6775
 2817 1940 9408
 2818 7851 2793
 2819 4921 4617
 2820 7587 6098
 2821 6630 7300
 2822 3854 4076
 2823 9854 79
 2824 6587 1184
 2825 2237 9258
 2826 188 9153
 2827 9240 6344
 2828 8891 3411
 2829 4891 5086
 2830 4211 4532
 2831 2310 8215
 2832 6349 8618
 2833 2257 8456
 2834 2333 738
 2835 2447 4879
 2836 9870 4548
 2837 7180 4655
 2838 9963 4429
 2839 4821 4351
 2840 5433 9216
 2841 2090 9152
 2842 6443 1843
 2843 2517 8112
 2844 4576 6834
 2845 7957 6942
 2846 4875 4398
 2847 4566 4572
 2848 6648 6603
 2849 6413 2531
 2850 8604 5593
 2851 7912 7155
 2852 8664 8081
 2853 4697 4893
 2854 3252 2182
 2855 5829 1286
 2856 8458 4117
 2857 9771 2360
 2858 518 6732
 2859 5446 5918
 2860 9888 8543
 2861 7285 4282
 2862 9763 3219
 2863 3537 5975
 2864 9687 104
 2865 4382 3088
 2866 6186 5945
 2867 5145 2437
 2868 1440 8439
 2869 6634 6962
 2870 1930 4863
 2871 9098 8250
 2872 3775 6977
 2873 1954 8567
 2874 8379 2411
 2875 1912 9760
 2876 9270 9136
 2877 255 9729
 2878 8930 7536
 2879 6705 2462
 2880 6936 5123
 2881 1315 4296
 2882 6740 158
 2883 2656 2375
 2884 3707 30
 2885 3728 5437
 2886 9316 9107
 2887 744 7812
 2888 870 9903
 2889 84 8724
 2890 3648 713
 2891 9373 2747
 2892 2663 1535
 2893 434 5615
 2894 5948 5732
 2895 6260 9569
 2896 8298 2777
 2897 2428 9767
 2898 7454 6089
 2899 5793 6485
 2900 512 8914
 2901 9173 6941
 2902 9192 3359
 2903 1172 1932
 2904 546 4546
 2905 5629 6974
 2906 9072 9227
 2907 9570 2940
 2908 8604 8656
 2909 1584 3868
 2910 2877 3268
 2911 9327 5982
 2912 5859 5172
 2913 4689 3424
 2914 450 9990
 2915 8232 1358
 2916 6065 199
 2917 6688 5684
 2918 1734 9230
 2919 5733 2041
 2920 3460 7816
 2921 4358 7257
 2922 9637 6830
 2923 4297 1788
 2924 8616 6599
 2925 3538 9574
 2926 7845 2045
 2927 1694 7000
 2928 7339 3476
 2929 3942 2997
 2930 1629 6504
 2931 1832 908
 2932 1460 8975
 2933 7787 5582
 2934 5894 1684
 2935 8761 316
 2936 1499 100
 2937 5328 6800
 2938 8497 7500
 2939 8811 8774
 2940 1658 3754
 2941 5773 6899
 2942 4151 2497
 2943 5554 8246
 2944 655 3934
 2945 4788 1941
 2946 7517 3329
 2947 7628 9558
 2948 8122 6362
 2949 6132 9099
 2950 7812 3745
 2951 3660 5235
 2952 463 3505
 2953 8555 7262
 2954 1371 5394
 2955 5178 473
 2956 4647 9549
 2957 8705 6046
 2958 3516 9427
 2959 5098 8907
 2960 8535 3223
 2961 1445 2853
 2962 8550 7163
 2963 4124 222
 2964 5519 4774
 2965 5448 6139
 2966 4157 4015
 2967 7049 5119
 2968 9133 1970
 2969 3619 4511
 2970 5542 9349
 2971 916 5716
 2972 1016 6186
 2973 9794 76
 2974 100 1596
 2975 5322 8831
 2976 3118 1434
 2977 1623 5193
 2978 6429 9214
 2979 8788 8747
 2980 4632 6345
 2981 7619 2279
 2982 6367 5516
 2983 153 8200
 2984 1362 2063
 2985 9865 646
 2986 6764 7931
 2987 650 8739
 2988 7192 9743
 2989 5923 8734
 2990 684 5418
 2991 4038 9470
 2992 7995 8295
 2993 3735 5949
 2994 993 4017
 2995 2901 9404
 2996 7460 298
 2997 262 9005
 2998 9076 6672
 2999 6705 6084
 3000 2897 971
DEMAND_SECTION
 1 0
 2 19
 3 1
 4 3
 5 18
 6 4
 7 12
 8 10
 9 11
 10 4
 11 4
 12 7
 13 12
 14 7
 15 11
 16 13
 17 19
 18 2
 19 4
 20 9
 21 25
 22 9
 23 17
 24 19
 25 1
 26 9
 27 23
 28 19
 29 7
 30 7
 31 22
 32 22
 33 13
 34 6
 35 19
 36 6
 37 22
 38 15
 39 18
 40 12
 41 13
 42 6
 43 25
 44 18
 45 7
 46 20
 47 17
 48 11
 49 2
 50 15
 51 12
 52 7
 53 20
 54 12
 55 3
 56 25
 57 19
 58 14
 59 23
 60 11
 61 15
 62 5
 63 24
 64 10
 65 6
 66 14
 67 9
 68 24
 69 20
 70 13
 71 21
 72 19
 73 6
 74 16
 75 21
 76 21
 77 1
 78 8
 79 19
 80 3
 81 7
 82 25
 83 23
 84 22
 85 20
 86 5
 87 2
 88 7
 89 12
 90 22
 91 17
 92 22
 93 11
 94 21
 95 14
 96 5
 97 3
 98 10
 99 21
 100 1
 101 17
 102 20
 103 7
 104 16
 105 18
 106 25
 107 14
 108 17
 109 20
 110 5
 111 15
 112 12
 113 2
 114 8
 115 14
 116 8
 117 1
 118 13
 119 24
 120 24
 121 23
 122 14
 123 3
 124 23
 125 19
 126 6
 127 9
 128 7
 129 6
 130 13
 131 3
 132 9
 133 24
 134 13
 135 13
 136 4
 137 13
 138 17
 139 24
 140 12
 141 15
 142 21
 143 11
 144 13
 145 9
 146 6
 147 22
 148 24
 149 5
 150 22
 151 25
 152 17
 153 15
 154 2
 155 21
 156 24
 157 17
 158 12
 159 7
 160 14
 161 9
 162 13
 163 4
 164 24
 165 25
 166 4
 167 13
 168 22
 169 24
 170 17
 171 14
 172 7
 173 18
 174 7
 175 11
 176 15
 177 25
 178 4
 179 24
 180 4
 181 24
 182 16
 183 8
 184 4
 185 21
 186 21
 187 15
 188 2
 189 20
 190 2
 191 12
 192 15
 193 15
 194 3
 195 24
 196 6
 197 23
 198 24
 199 5
 200 10
 201 19
 202 19
 203 7
 204 11
 205 3
 206 23
 207 5
 208 11
 209 1
 210 20
 211 4
 212 13
 213 8
 214 14
 215 16
 216 22
 217 23
 218 13
 219 21
 220 12
 221 25
 222 5
 223 18
 224 2
 225 1
 226 22
 227 21
 228 5
 229 21
 230 18
 231 8
 232 9
 233 22
 234 19
 235 10
 236 2
 237 18
 238 5
 239 6
 240 5
 241 5
 242 10
 243 21
 244 10
 245 2
 246 5
 247 15
 248 12
 249 3
 250 12
 251 24
 252 19
 253 3
 254 23
 255 10
 256 13
 257 23
 258 18
 259 18
 260 11
 261 10
 262 21
 263 23
 264 16
 265 24
 266 8
 267 22
 268 5
 269 23
 270 5
 271 14
 272 2
 273 23
 274 24
 275 8
 276 19
 277 24
 278 3
 279 9
 280 23
 281 17
 282 7
 283 20
 284 10
 285 18
 286 12
 287 22
 288 6
 289 9
 290 23
 291 15
 292 17
 293 23
 294 15
 295 3
 296 17
 297 24
 298 14
 299 20
 300 24
 301 10
 302 3
 303 15
 304 21
 305 15
 306 24
 307 8
 308 19
 309 6
 310 11
 311 12
 312 6
 313 24
 314 7
 315 6
 316 7
 317 17
 318 21
 319 10
 320 23
 321 20
 322 17
 323 16
 324 4
 325 7
 326 16
 327 19
 328 15
 329 6
 330 3
 331 4
 332 20
 333 21
 334 23
 335 22
 336 6
 337 12
 338 6
 339 22
 340 16
 341 21
 342 23
 343 10
 344 24
 345 23
 346 8
 347 13
 348 3
 349 7
 350 8
 351 11
 352 20
 353 15
 354 5
 355 9
 356 6
 357 19
 358 11
 359 9
 360 16
 361 10
 362 21
 363 3
 364 4
 365 8
 366 9
 367 15
 368 20
 369 8
 370 24
 371 2
 372 8
 373 3
 374 1
 375 24
 376 6
 377 17
 378 9
 379 22
 380 4
 381 15
 382 12
 383 11
 384 8
 385 24
 386 10
 387 5
 388 7
 389 19
 390 3
 391 5
 392 4
 393 19
 394 17
 395 16
 396 9
 397 2
 398 24
 399 6
 400 23
 401 12
 402 11
 403 3
 404 12
 405 18
 406 24
 407 8
 408 22
 409 24
 410 18
 411 10
 412 15
 413 23
 414 25
 415 8
 416 13
 417 12
 418 17
 419 10
 420 17
 421 18
 422 24
 423 2
 424 12
 425 17
 426 8
 427 8
 428 10
 429 23
 430 13
 431 5
 432 23
 433 24
 434 7
 435 23
 436 24
 437 16
 438 20
 439 7
 440 17
 441 3
 442 7
 443 13
 444 4
 445 8
 446 10
 447 11
 448 21
 449 20
 450 14
 451 20
 452 1
 453 1
 454 3
 455 3
 456 1
 457 3
 458 15
 459 17
 460 2
 461 13
 462 17
 463 21
 464 9
 465 19
 466 2
 467 5
 468 10
 469 21
 470 9
 471 16
 472 18
 473 20
 474 21
 475 16
 476 19
 477 13
 478 5
 479 2
 480 15
 481 5
 482 16
 483 5
 484 20
 485 12
 486 2
 487 20
 488 5
 489 23
 490 20
 491 16
 492 15
 493 9
 494 6
 495 17
 496 15
 497 9
 498 10
 499 5
 500 13
 501 12
 502 20
 503 1
 504 6
 505 17
 506 16
 507 5
 508 3
 509 17
 510 5
 511 16
 512 10
 513 10
 514 4
 515 15
 516 21
 517 17
 518 19
 519 10
 520 18
 521 22
 522 16
 523 23
 524 15
 525 12
 526 15
 527 5
 528 2
 529 8
 530 22
 531 11
 532 2
 533 6
 534 6
 535 11
 536 6
 537 6
 538 13
 539 25
 540 13
 541 23
 542 5
 543 18
 544 19
 545 12
 546 18
 547 17
 548 16
 549 11
 550 4
 551 11
 552 14
 553 14
 554 25
 555 12
 556 1
 557 12
 558 22
 559 20
 560 13
 561 15
 562 6
 563 11
 564 20
 565 7
 566 15
 567 10
 568 16
 569 10
 570 17
 571 14
 572 25
 573 10
 574 24
 575 13
 576 25
 577 2
 578 23
 579 2
 580 23
 581 18
 582 1
 583 19
 584 3
 585 3
 586 21
 587 20
 588 24
 589 10
 590 13
 591 23
 592 5
 593 4
 594 20
 595 19
 596 2
 597 15
 598 9
 599 9
 600 2
 601 25
 602 15
 603 2
 604 4
 605 19
 606 22
 607 6
 608 14
 609 13
 610 23
 611 14
 612 23
 613 10
 614 4
 615 9
 616 14
 617 19
 618 24
 619 11
 620 11
 621 11
 622 25
 623 24
 624 16
 625 5
 626 9
 627 20
 628 1
 629 8
 630 10
 631 19
 632 11
 633 3
 634 7
 635 19
 636 19
 637 21
 638 18
 639 11
 640 5
 641 20
 642 14
 643 17
 644 11
 645 3
 646 11
 647 11
 648 20
 649 15
 650 23
 651 24
 652 19
 653 12
 654 1
 655 4
 656 22
 657 14
 658 9
 659 4
 660 13
 661 15
 662 16
 663 4
 664 2
 665 2
 666 19
 667 6
 668 25
 669 20
 670 7
 671 12
 672 14
 673 10
 674 24
 675 15
 676 17
 677 25
 678 9
 679 10
 680 15
 681 24
 682 17
 683 4
 684 12
 685 18
 686 13
 687 4
 688 15
 689 14
 690 12
 691 21
 692 2
 693 14
 694 9
 695 16
 696 17
 697 19
 698 9
 699 18
 700 23
 701 15
 702 10
 703 8
 704 16
 705 1
 706 25
 707 21
 708 10
 709 9
 710 13
 711 24
 712 1
 713 2
 714 5
 715 2
 716 11
 717 5
 718 8
 719 24
 720 9
 721 16
 722 22
 723 14
 724 12
 725 16
 726 11
 727 12
 728 20
 729 21
 730 3
 731 2
 732 23
 733 16
 734 25
 735 23
 736 9
 737 15
 738 18
 739 15
 740 16
 741 14
 742 9
 743 15
 744 21
 745 4
 746 20
 747 23
 748 4
 749 21
 750 15
 751 23
 752 17
 753 6
 754 20
 755 11
 756 9
 757 1
 758 9
 759 14
 760 5
 761 11
 762 18
 763 3
 764 20
 765 21
 766 12
 767 15
 768 18
 769 1
 770 2
 771 3
 772 22
 773 20
 774 16
 775 21
 776 12
 777 11
 778 23
 779 5
 780 23
 781 15
 782 10
 783 18
 784 14
 785 19
 786 19
 787 21
 788 9
 789 19
 790 25
 791 6
 792 2
 793 10
 794 3
 795 8
 796 6
 797 1
 798 3
 799 13
 800 25
 801 23
 802 6
 803 17
 804 25
 805 8
 806 4
 807 13
 808 11
 809 24
 810 11
 811 20
 812 5
 813 22
 814 19
 815 7
 816 16
 817 5
 818 19
 819 16
 820 24
 821 20
 822 2
 823 18
 824 7
 825 10
 826 9
 827 21
 828 16
 829 22
 830 13
 831 11
 832 13
 833 4
 834 11
 835 23
 836 14
 837 13
 838 22
 839 25
 840 11
 841 25
 842 25
 843 5
 844 14
 845 3
 846 12
 847 11
 848 8
 849 24
 850 5
 851 17
 852 10
 853 18
 854 11
 855 6
 856 11
 857 1
 858 8
 859 24
 860 23
 861 7
 862 9
 863 24
 864 3
 865 4
 866 8
 867 23
 868 4
 869 7
 870 17
 871 13
 872 9
 873 8
 874 18
 875 1
 876 23
 877 22
 878 20
 879 23
 880 18
 881 12
 882 9
 883 19
 884 8
 885 3
 886 23
 887 5
 888 1
 889 25
 890 18
 891 18
 892 18
 893 24
 894 11
 895 20
 896 10
 897 21
 898 3
 899 4
 900 2
 901 9
 902 4
 903 21
 904 12
 905 11
 906 16
 907 15
 908 24
 909 24
 910 7
 911 15
 912 22
 913 12
 914 9
 915 9
 916 25
 917 7
 918 12
 919 14
 920 24
 921 17
 922 23
 923 9
 924 21
 925 22
 926 8
 927 10
 928 22
 929 23
 930 24
 931 15
 932 25
 933 15
 934 21
 935 12
 936 2
 937 5
 938 6
 939 6
 940 3
 941 22
 942 12
 943 14
 944 13
 945 22
 946 8
 947 4
 948 2
 949 15
 950 13
 951 24
 952 12
 953 21
 954 3
 955 22
 956 5
 957 21
 958 4
 959 20
 960 12
 961 2
 962 13
 963 1
 964 8
 965 25
 966 6
 967 19
 968 11
 969 4
 970 8
 971 4
 972 21
 973 9
 974 19
 975 8
 976 1
 977 13
 978 17
 979 4
 980 9
 981 11
 982 16
 983 9
 984 1
 985 4
 986 4
 987 17
 988 12
 989 23
 990 6
 991 19
 992 20
 993 16
 994 22
 995 5
 996 2
 997 3
 998 12
 999 21
 1000 15
 1001 2
 1002 16
 1003 9
 1004 3
 1005 9
 1006 17
 1007 23
 1008 13
 1009 21
 1010 22
 1011 1
 1012 1
 1013 4
 1014 7
 1015 24
 1016 6
 1017 16
 1018 19
 1019 24
 1020 20
 1021 8
 1022 19
 1023 16
 1024 4
 1025 14
 1026 18
 1027 25
 1028 5
 1029 2
 1030 10
 1031 24
 1032 24
 1033 5
 1034 12
 1035 13
 1036 24
 1037 16
 1038 19
 1039 13
 1040 22
 1041 17
 1042 15
 1043 2
 1044 17
 1045 21
 1046 1
 1047 4
 1048 15
 1049 3
 1050 21
 1051 18
 1052 23
 1053 4
 1054 17
 1055 10
 1056 19
 1057 5
 1058 20
 1059 17
 1060 21
 1061 13
 1062 8
 1063 20
 1064 15
 1065 23
 1066 12
 1067 25
 1068 4
 1069 6
 1070 18
 1071 15
 1072 24
 1073 16
 1074 21
 1075 20
 1076 18
 1077 2
 1078 18
 1079 8
 1080 18
 1081 19
 1082 20
 1083 13
 1084 22
 1085 5
 1086 9
 1087 3
 1088 15
 1089 21
 1090 13
 1091 19
 1092 22
 1093 24
 1094 19
 1095 4
 1096 10
 1097 11
 1098 2
 1099 20
 1100 25
 1101 17
 1102 3
 1103 13
 1104 2
 1105 7
 1106 3
 1107 7
 1108 25
 1109 22
 1110 16
 1111 4
 1112 7
 1113 23
 1114 20
 1115 23
 1116 7
 1117 16
 1118 4
 1119 9
 1120 10
 1121 21
 1122 8
 1123 13
 1124 6
 1125 6
 1126 6
 1127 25
 1128 11
 1129 13
 1130 10
 1131 23
 1132 21
 1133 24
 1134 7
 1135 22
 1136 16
 1137 20
 1138 20
 1139 21
 1140 15
 1141 19
 1142 21
 1143 15
 1144 8
 1145 7
 1146 5
 1147 8
 1148 22
 1149 13
 1150 22
 1151 4
 1152 24
 1153 14
 1154 5
 1155 1
 1156 6
 1157 2
 1158 9
 1159 22
 1160 13
 1161 13
 1162 14
 1163 22
 1164 12
 1165 25
 1166 1
 1167 12
 1168 22
 1169 21
 1170 14
 1171 1
 1172 8
 1173 22
 1174 7
 1175 4
 1176 7
 1177 12
 1178 1
 1179 2
 1180 6
 1181 23
 1182 21
 1183 12
 1184 7
 1185 6
 1186 8
 1187 24
 1188 19
 1189 5
 1190 7
 1191 20
 1192 11
 1193 14
 1194 21
 1195 17
 1196 11
 1197 22
 1198 14
 1199 23
 1200 14
 1201 11
 1202 5
 1203 7
 1204 3
 1205 15
 1206 16
 1207 15
 1208 1
 1209 10
 1210 16
 1211 15
 1212 24
 1213 25
 1214 14
 1215 3
 1216 15
 1217 13
 1218 22
 1219 22
 1220 8
 1221 15
 1222 17
 1223 22
 1224 24
 1225 19
 1226 11
 1227 12
 1228 22
 1229 16
 1230 11
 1231 6
 1232 24
 1233 11
 1234 18
 1235 8
 1236 8
 1237 19
 1238 10
 1239 11
 1240 18
 1241 6
 1242 23
 1243 11
 1244 10
 1245 3
 1246 12
 1247 14
 1248 24
 1249 4
 1250 6
 1251 25
 1252 23
 1253 23
 1254 8
 1255 9
 1256 19
 1257 11
 1258 15
 1259 18
 1260 11
 1261 23
 1262 1
 1263 13
 1264 1
 1265 2
 1266 16
 1267 5
 1268 5
 1269 16
 1270 10
 1271 19
 1272 2
 1273 24
 1274 17
 1275 6
 1276 25
 1277 19
 1278 3
 1279 10
 1280 18
 1281 25
 1282 15
 1283 22
 1284 10
 1285 3
 1286 10
 1287 18
 1288 17
 1289 18
 1290 10
 1291 2
 1292 6
 1293 25
 1294 5
 1295 13
 1296 21
 1297 13
 1298 13
 1299 12
 1300 5
 1301 25
 1302 10
 1303 2
 1304 10
 1305 13
 1306 18
 1307 16
 1308 17
 1309 13
 1310 23
 1311 7
 1312 3
 1313 14
 1314 7
 1315 6
 1316 21
 1317 14
 1318 24
 1319 21
 1320 8
 1321 8
 1322 25
 1323 12
 1324 18
 1325 14
 1326 19
 1327 7
 1328 5
 1329 15
 1330 14
 1331 9
 1332 16
 1333 24
 1334 12
 1335 25
 1336 24
 1337 1
 1338 20
 1339 20
 1340 7
 1341 18
 1342 25
 1343 11
 1344 24
 1345 24
 1346 6
 1347 9
 1348 15
 1349 6
 1350 7
 1351 3
 1352 17
 1353 4
 1354 1
 1355 9
 1356 13
 1357 8
 1358 21
 1359 21
 1360 4
 1361 15
 1362 7
 1363 3
 1364 11
 1365 18
 1366 4
 1367 22
 1368 12
 1369 14
 1370 25
 1371 20
 1372 20
 1373 18
 1374 25
 1375 17
 1376 12
 1377 10
 1378 5
 1379 16
 1380 25
 1381 17
 1382 4
 1383 12
 1384 2
 1385 4
 1386 17
 1387 19
 1388 13
 1389 14
 1390 9
 1391 15
 1392 22
 1393 17
 1394 5
 1395 3
 1396 22
 1397 4
 1398 11
 1399 1
 1400 10
 1401 17
 1402 1
 1403 15
 1404 19
 1405 21
 1406 21
 1407 23
 1408 20
 1409 21
 1410 9
 1411 25
 1412 3
 1413 9
 1414 12
 1415 20
 1416 11
 1417 1
 1418 13
 1419 14
 1420 25
 1421 23
 1422 6
 1423 3
 1424 14
 1425 9
 1426 12
 1427 7
 1428 21
 1429 13
 1430 2
 1431 1
 1432 15
 1433 1
 1434 4
 1435 12
 1436 12
 1437 9
 1438 25
 1439 3
 1440 13
 1441 6
 1442 18
 1443 4
 1444 18
 1445 2
 1446 25
 1447 20
 1448 5
 1449 24
 1450 6
 1451 18
 1452 24
 1453 12
 1454 14
 1455 3
 1456 7
 1457 10
 1458 6
 1459 3
 1460 21
 1461 18
 1462 19
 1463 14
 1464 20
 1465 9
 1466 15
 1467 8
 1468 10
 1469 16
 1470 7
 1471 8
 1472 3
 1473 10
 1474 13
 1475 19
 1476 7
 1477 15
 1478 24
 1479 19
 1480 14
 1481 4
 1482 20
 1483 17
 1484 12
 1485 12
 1486 18
 1487 7
 1488 18
 1489 16
 1490 1
 1491 24
 1492 25
 1493 17
 1494 18
 1495 23
 1496 7
 1497 21
 1498 16
 1499 7
 1500 5
 1501 9
 1502 17
 1503 2
 1504 13
 1505 19
 1506 25
 1507 24
 1508 10
 1509 10
 1510 7
 1511 12
 1512 7
 1513 14
 1514 23
 1515 25
 1516 24
 1517 16
 1518 22
 1519 24
 1520 5
 1521 17
 1522 22
 1523 20
 1524 11
 1525 3
 1526 8
 1527 25
 1528 4
 1529 12
 1530 13
 1531 7
 1532 21
 1533 16
 1534 20
 1535 20
 1536 14
 1537 22
 1538 16
 1539 19
 1540 21
 1541 11
 1542 19
 1543 7
 1544 23
 1545 2
 1546 6
 1547 10
 1548 2
 1549 2
 1550 18
 1551 10
 1552 23
 1553 23
 1554 24
 1555 5
 1556 10
 1557 5
 1558 13
 1559 7
 1560 1
 1561 18
 1562 13
 1563 8
 1564 16
 1565 16
 1566 11
 1567 11
 1568 6
 1569 20
 1570 22
 1571 23
 1572 18
 1573 5
 1574 19
 1575 13
 1576 3
 1577 17
 1578 10
 1579 22
 1580 21
 1581 18
 1582 3
 1583 4
 1584 10
 1585 17
 1586 15
 1587 17
 1588 21
 1589 17
 1590 23
 1591 23
 1592 20
 1593 4
 1594 16
 1595 21
 1596 2
 1597 20
 1598 12
 1599 7
 1600 25
 1601 13
 1602 13
 1603 13
 1604 17
 1605 24
 1606 5
 1607 14
 1608 25
 1609 24
 1610 24
 1611 20
 1612 24
 1613 22
 1614 12
 1615 1
 1616 2
 1617 15
 1618 23
 1619 20
 1620 12
 1621 5
 1622 24
 1623 19
 1624 4
 1625 2
 1626 3
 1627 3
 1628 4
 1629 12
 1630 5
 1631 21
 1632 23
 1633 2
 1634 20
 1635 21
 1636 10
 1637 22
 1638 25
 1639 16
 1640 21
 1641 13
 1642 20
 1643 11
 1644 24
 1645 10
 1646 11
 1647 15
 1648 10
 1649 14
 1650 24
 1651 11
 1652 8
 1653 3
 1654 6
 1655 6
 1656 8
 1657 15
 1658 7
 1659 3
 1660 11
 1661 4
 1662 9
 1663 5
 1664 2
 1665 4
 1666 11
 1667 1
 1668 9
 1669 7
 1670 25
 1671 14
 1672 18
 1673 12
 1674 16
 1675 21
 1676 7
 1677 21
 1678 7
 1679 24
 1680 6
 1681 20
 1682 18
 1683 23
 1684 23
 1685 9
 1686 16
 1687 18
 1688 15
 1689 25
 1690 4
 1691 7
 1692 5
 1693 5
 1694 10
 1695 13
 1696 19
 1697 10
 1698 11
 1699 7
 1700 22
 1701 20
 1702 20
 1703 9
 1704 10
 1705 13
 1706 1
 1707 18
 1708 7
 1709 24
 1710 5
 1711 8
 1712 19
 1713 3
 1714 1
 1715 2
 1716 19
 1717 19
 1718 20
 1719 4
 1720 21
 1721 19
 1722 1
 1723 17
 1724 4
 1725 13
 1726 5
 1727 16
 1728 24
 1729 2
 1730 14
 1731 14
 1732 23
 1733 22
 1734 19
 1735 1
 1736 14
 1737 10
 1738 12
 1739 18
 1740 8
 1741 19
 1742 17
 1743 19
 1744 25
 1745 14
 1746 11
 1747 15
 1748 16
 1749 21
 1750 12
 1751 4
 1752 13
 1753 6
 1754 11
 1755 1
 1756 9
 1757 13
 1758 14
 1759 16
 1760 15
 1761 2
 1762 10
 1763 22
 1764 21
 1765 11
 1766 7
 1767 18
 1768 20
 1769 14
 1770 13
 1771 10
 1772 16
 1773 4
 1774 15
 1775 14
 1776 12
 1777 1
 1778 18
 1779 3
 1780 11
 1781 5
 1782 18
 1783 9
 1784 1
 1785 5
 1786 6
 1787 11
 1788 12
 1789 11
 1790 7
 1791 5
 1792 8
 1793 1
 1794 8
 1795 7
 1796 5
 1797 18
 1798 1
 1799 12
 1800 14
 1801 23
 1802 23
 1803 20
 1804 11
 1805 17
 1806 20
 1807 2
 1808 21
 1809 6
 1810 10
 1811 4
 1812 10
 1813 25
 1814 16
 1815 17
 1816 11
 1817 5
 1818 24
 1819 15
 1820 5
 1821 10
 1822 6
 1823 7
 1824 14
 1825 17
 1826 24
 1827 13
 1828 12
 1829 7
 1830 18
 1831 16
 1832 25
 1833 23
 1834 25
 1835 21
 1836 8
 1837 16
 1838 2
 1839 10
 1840 3
 1841 9
 1842 15
 1843 22
 1844 2
 1845 23
 1846 7
 1847 23
 1848 23
 1849 20
 1850 5
 1851 4
 1852 23
 1853 17
 1854 17
 1855 21
 1856 9
 1857 2
 1858 3
 1859 23
 1860 24
 1861 17
 1862 19
 1863 10
 1864 13
 1865 10
 1866 10
 1867 14
 1868 3
 1869 15
 1870 25
 1871 23
 1872 12
 1873 12
 1874 10
 1875 12
 1876 2
 1877 9
 1878 12
 1879 19
 1880 9
 1881 10
 1882 18
 1883 25
 1884 23
 1885 13
 1886 23
 1887 21
 1888 15
 1889 10
 1890 9
 1891 24
 1892 14
 1893 10
 1894 4
 1895 17
 1896 18
 1897 23
 1898 7
 1899 7
 1900 9
 1901 12
 1902 8
 1903 15
 1904 18
 1905 12
 1906 14
 1907 7
 1908 3
 1909 13
 1910 21
 1911 25
 1912 14
 1913 17
 1914 25
 1915 21
 1916 15
 1917 13
 1918 6
 1919 23
 1920 14
 1921 25
 1922 20
 1923 16
 1924 17
 1925 19
 1926 23
 1927 21
 1928 17
 1929 25
 1930 24
 1931 6
 1932 10
 1933 6
 1934 9
 1935 23
 1936 20
 1937 20
 1938 22
 1939 21
 1940 20
 1941 8
 1942 18
 1943 1
 1944 2
 1945 12
 1946 15
 1947 7
 1948 5
 1949 5
 1950 1
 1951 3
 1952 9
 1953 12
 1954 1
 1955 15
 1956 2
 1957 15
 1958 25
 1959 8
 1960 4
 1961 15
 1962 24
 1963 1
 1964 13
 1965 12
 1966 24
 1967 11
 1968 6
 1969 10
 1970 10
 1971 25
 1972 19
 1973 15
 1974 21
 1975 22
 1976 6
 1977 14
 1978 16
 1979 17
 1980 25
 1981 12
 1982 5
 1983 17
 1984 2
 1985 14
 1986 5
 1987 10
 1988 5
 1989 17
 1990 3
 1991 17
 1992 22
 1993 7
 1994 6
 1995 25
 1996 23
 1997 9
 1998 10
 1999 2
 2000 20
 2001 6
 2002 7
 2003 6
 2004 1
 2005 17
 2006 13
 2007 25
 2008 13
 2009 6
 2010 9
 2011 13
 2012 20
 2013 4
 2014 2
 2015 23
 2016 9
 2017 10
 2018 6
 2019 24
 2020 5
 2021 5
 2022 21
 2023 4
 2024 17
 2025 19
 2026 14
 2027 4
 2028 21
 2029 1
 2030 21
 2031 5
 2032 13
 2033 8
 2034 19
 2035 3
 2036 24
 2037 2
 2038 25
 2039 11
 2040 6
 2041 2
 2042 11
 2043 19
 2044 22
 2045 13
 2046 6
 2047 2
 2048 3
 2049 5
 2050 25
 2051 11
 2052 8
 2053 16
 2054 18
 2055 19
 2056 15
 2057 5
 2058 19
 2059 2
 2060 12
 2061 12
 2062 24
 2063 13
 2064 17
 2065 12
 2066 1
 2067 19
 2068 13
 2069 6
 2070 8
 2071 24
 2072 10
 2073 17
 2074 18
 2075 16
 2076 6
 2077 7
 2078 10
 2079 14
 2080 18
 2081 1
 2082 21
 2083 6
 2084 7
 2085 8
 2086 23
 2087 5
 2088 3
 2089 1
 2090 10
 2091 24
 2092 25
 2093 18
 2094 9
 2095 3
 2096 15
 2097 8
 2098 6
 2099 5
 2100 2
 2101 17
 2102 18
 2103 2
 2104 19
 2105 17
 2106 18
 2107 20
 2108 1
 2109 20
 2110 6
 2111 18
 2112 15
 2113 7
 2114 11
 2115 3
 2116 23
 2117 5
 2118 6
 2119 7
 2120 16
 2121 9
 2122 19
 2123 1
 2124 5
 2125 9
 2126 9
 2127 1
 2128 18
 2129 2
 2130 18
 2131 25
 2132 17
 2133 1
 2134 15
 2135 8
 2136 6
 2137 24
 2138 13
 2139 19
 2140 13
 2141 1
 2142 2
 2143 7
 2144 11
 2145 12
 2146 4
 2147 8
 2148 11
 2149 12
 2150 11
 2151 20
 2152 11
 2153 6
 2154 4
 2155 10
 2156 9
 2157 24
 2158 23
 2159 11
 2160 5
 2161 3
 2162 22
 2163 22
 2164 5
 2165 12
 2166 11
 2167 20
 2168 12
 2169 6
 2170 16
 2171 8
 2172 14
 2173 6
 2174 24
 2175 12
 2176 12
 2177 20
 2178 22
 2179 14
 2180 3
 2181 17
 2182 16
 2183 8
 2184 12
 2185 8
 2186 5
 2187 2
 2188 16
 2189 21
 2190 6
 2191 17
 2192 8
 2193 12
 2194 7
 2195 11
 2196 4
 2197 18
 2198 23
 2199 5
 2200 13
 2201 1
 2202 21
 2203 11
 2204 1
 2205 17
 2206 14
 2207 25
 2208 4
 2209 17
 2210 7
 2211 10
 2212 15
 2213 10
 2214 12
 2215 9
 2216 7
 2217 6
 2218 17
 2219 25
 2220 5
 2221 17
 2222 22
 2223 2
 2224 9
 2225 20
 2226 12
 2227 18
 2228 18
 2229 21
 2230 13
 2231 11
 2232 25
 2233 18
 2234 16
 2235 15
 2236 8
 2237 7
 2238 21
 2239 1
 2240 5
 2241 3
 2242 22
 2243 25
 2244 16
 2245 6
 2246 15
 2247 17
 2248 10
 2249 11
 2250 25
 2251 24
 2252 4
 2253 4
 2254 24
 2255 1
 2256 7
 2257 9
 2258 11
 2259 23
 2260 1
 2261 14
 2262 16
 2263 13
 2264 14
 2265 5
 2266 12
 2267 9
 2268 18
 2269 22
 2270 19
 2271 3
 2272 6
 2273 17
 2274 8
 2275 5
 2276 5
 2277 13
 2278 14
 2279 23
 2280 23
 2281 19
 2282 3
 2283 20
 2284 10
 2285 24
 2286 17
 2287 1
 2288 19
 2289 12
 2290 20
 2291 18
 2292 21
 2293 9
 2294 13
 2295 5
 2296 10
 2297 24
 2298 3
 2299 19
 2300 2
 2301 22
 2302 23
 2303 18
 2304 17
 2305 13
 2306 13
 2307 15
 2308 9
 2309 10
 2310 11
 2311 10
 2312 3
 2313 3
 2314 13
 2315 7
 2316 7
 2317 11
 2318 11
 2319 16
 2320 2
 2321 5
 2322 22
 2323 12
 2324 23
 2325 4
 2326 4
 2327 3
 2328 13
 2329 24
 2330 19
 2331 21
 2332 5
 2333 24
 2334 13
 2335 19
 2336 13
 2337 9
 2338 16
 2339 18
 2340 9
 2341 3
 2342 18
 2343 8
 2344 12
 2345 3
 2346 24
 2347 2
 2348 1
 2349 7
 2350 20
 2351 9
 2352 18
 2353 10
 2354 2
 2355 11
 2356 24
 2357 8
 2358 10
 2359 1
 2360 14
 2361 18
 2362 18
 2363 7
 2364 7
 2365 15
 2366 24
 2367 5
 2368 8
 2369 25
 2370 13
 2371 16
 2372 5
 2373 23
 2374 19
 2375 10
 2376 2
 2377 13
 2378 19
 2379 15
 2380 11
 2381 10
 2382 10
 2383 10
 2384 10
 2385 20
 2386 16
 2387 5
 2388 22
 2389 16
 2390 20
 2391 14
 2392 24
 2393 8
 2394 1
 2395 24
 2396 1
 2397 2
 2398 25
 2399 5
 2400 12
 2401 7
 2402 11
 2403 25
 2404 24
 2405 20
 2406 24
 2407 21
 2408 21
 2409 18
 2410 16
 2411 1
 2412 20
 2413 24
 2414 24
 2415 13
 2416 19
 2417 10
 2418 2
 2419 1
 2420 13
 2421 19
 2422 23
 2423 17
 2424 24
 2425 11
 2426 17
 2427 4
 2428 18
 2429 19
 2430 8
 2431 17
 2432 21
 2433 4
 2434 13
 2435 14
 2436 25
 2437 4
 2438 14
 2439 19
 2440 23
 2441 10
 2442 7
 2443 2
 2444 16
 2445 17
 2446 11
 2447 7
 2448 5
 2449 23
 2450 17
 2451 18
 2452 1
 2453 21
 2454 1
 2455 14
 2456 8
 2457 13
 2458 11
 2459 10
 2460 9
 2461 7
 2462 25
 2463 10
 2464 16
 2465 5
 2466 25
 2467 24
 2468 19
 2469 2
 2470 17
 2471 11
 2472 23
 2473 4
 2474 13
 2475 16
 2476 5
 2477 19
 2478 22
 2479 5
 2480 4
 2481 24
 2482 15
 2483 14
 2484 20
 2485 14
 2486 6
 2487 17
 2488 7
 2489 14
 2490 24
 2491 23
 2492 3
 2493 4
 2494 22
 2495 23
 2496 15
 2497 15
 2498 1
 2499 25
 2500 8
 2501 4
 2502 12
 2503 22
 2504 5
 2505 4
 2506 8
 2507 17
 2508 16
 2509 10
 2510 12
 2511 13
 2512 5
 2513 14
 2514 2
 2515 8
 2516 14
 2517 18
 2518 15
 2519 10
 2520 12
 2521 5
 2522 14
 2523 13
 2524 9
 2525 12
 2526 24
 2527 20
 2528 12
 2529 10
 2530 6
 2531 20
 2532 19
 2533 16
 2534 1
 2535 25
 2536 4
 2537 3
 2538 21
 2539 24
 2540 12
 2541 14
 2542 6
 2543 6
 2544 7
 2545 11
 2546 25
 2547 8
 2548 11
 2549 10
 2550 9
 2551 5
 2552 7
 2553 6
 2554 24
 2555 22
 2556 18
 2557 2
 2558 21
 2559 18
 2560 23
 2561 23
 2562 11
 2563 5
 2564 13
 2565 3
 2566 12
 2567 11
 2568 22
 2569 19
 2570 8
 2571 11
 2572 23
 2573 14
 2574 10
 2575 24
 2576 22
 2577 2
 2578 7
 2579 24
 2580 3
 2581 4
 2582 8
 2583 13
 2584 6
 2585 23
 2586 9
 2587 5
 2588 24
 2589 9
 2590 2
 2591 25
 2592 4
 2593 1
 2594 19
 2595 5
 2596 18
 2597 16
 2598 17
 2599 3
 2600 25
 2601 22
 2602 9
 2603 7
 2604 12
 2605 18
 2606 10
 2607 21
 2608 17
 2609 6
 2610 6
 2611 4
 2612 12
 2613 24
 2614 2
 2615 15
 2616 24
 2617 10
 2618 25
 2619 22
 2620 13
 2621 9
 2622 15
 2623 7
 2624 1
 2625 10
 2626 25
 2627 17
 2628 22
 2629 24
 2630 2
 2631 1
 2632 11
 2633 5
 2634 24
 2635 16
 2636 2
 2637 15
 2638 19
 2639 22
 2640 15
 2641 2
 2642 5
 2643 24
 2644 8
 2645 15
 2646 15
 2647 13
 2648 21
 2649 25
 2650 4
 2651 13
 2652 10
 2653 17
 2654 14
 2655 8
 2656 19
 2657 5
 2658 23
 2659 5
 2660 9
 2661 8
 2662 20
 2663 24
 2664 7
 2665 11
 2666 20
 2667 5
 2668 24
 2669 6
 2670 13
 2671 6
 2672 20
 2673 20
 2674 25
 2675 25
 2676 14
 2677 12
 2678 19
 2679 19
 2680 1
 2681 10
 2682 14
 2683 25
 2684 15
 2685 25
 2686 17
 2687 8
 2688 9
 2689 15
 2690 17
 2691 20
 2692 16
 2693 2
 2694 21
 2695 14
 2696 19
 2697 18
 2698 13
 2699 15
 2700 19
 2701 2
 2702 11
 2703 23
 2704 6
 2705 3
 2706 9
 2707 5
 2708 9
 2709 16
 2710 18
 2711 1
 2712 5
 2713 14
 2714 18
 2715 11
 2716 12
 2717 1
 2718 25
 2719 8
 2720 1
 2721 13
 2722 16
 2723 5
 2724 18
 2725 4
 2726 24
 2727 4
 2728 3
 2729 6
 2730 17
 2731 25
 2732 23
 2733 16
 2734 22
 2735 13
 2736 17
 2737 11
 2738 12
 2739 19
 2740 18
 2741 4
 2742 1
 2743 14
 2744 12
 2745 14
 2746 4
 2747 14
 2748 6
 2749 4
 2750 14
 2751 5
 2752 19
 2753 17
 2754 22
 2755 25
 2756 10
 2757 25
 2758 11
 2759 11
 2760 14
 2761 12
 2762 18
 2763 8
 2764 1
 2765 6
 2766 16
 2767 18
 2768 5
 2769 10
 2770 17
 2771 9
 2772 7
 2773 22
 2774 21
 2775 20
 2776 15
 2777 23
 2778 6
 2779 11
 2780 6
 2781 11
 2782 23
 2783 4
 2784 21
 2785 19
 2786 25
 2787 13
 2788 14
 2789 20
 2790 9
 2791 7
 2792 19
 2793 14
 2794 8
 2795 12
 2796 14
 2797 20
 2798 5
 2799 13
 2800 7
 2801 20
 2802 1
 2803 8
 2804 23
 2805 16
 2806 12
 2807 18
 2808 14
 2809 6
 2810 11
 2811 6
 2812 17
 2813 4
 2814 5
 2815 11
 2816 2
 2817 12
 2818 9
 2819 21
 2820 7
 2821 8
 2822 16
 2823 23
 2824 8
 2825 6
 2826 1
 2827 13
 2828 4
 2829 7
 2830 6
 2831 16
 2832 18
 2833 6
 2834 15
 2835 12
 2836 6
 2837 23
 2838 25
 2839 4
 2840 24
 2841 13
 2842 16
 2843 2
 2844 20
 2845 13
 2846 4
 2847 11
 2848 16
 2849 17
 2850 24
 2851 20
 2852 9
 2853 7
 2854 8
 2855 5
 2856 10
 2857 4
 2858 2
 2859 20
 2860 14
 2861 15
 2862 17
 2863 16
 2864 8
 2865 21
 2866 17
 2867 18
 2868 5
 2869 4
 2870 11
 2871 17
 2872 21
 2873 12
 2874 6
 2875 3
 2876 19
 2877 20
 2878 22
 2879 6
 2880 13
 2881 7
 2882 24
 2883 14
 2884 20
 2885 15
 2886 6
 2887 1
 2888 2
 2889 9
 2890 22
 2891 24
 2892 4
 2893 22
 2894 7
 2895 24
 2896 1
 2897 17
 2898 19
 2899 15
 2900 23
 2901 21
 2902 23
 2903 1
 2904 21
 2905 17
 2906 5
 2907 8
 2908 9
 2909 6
 2910 21
 2911 24
 2912 6
 2913 25
 2914 21
 2915 1
 2916 16
 2917 18
 2918 6
 2919 2
 2920 25
 2921 4
 2922 20
 2923 24
 2924 22
 2925 9
 2926 12
 2927 3
 2928 14
 2929 20
 2930 10
 2931 15
 2932 11
 2933 8
 2934 15
 2935 14
 2936 8
 2937 10
 2938 14
 2939 23
 2940 24
 2941 13
 2942 22
 2943 9
 2944 8
 2945 1
 2946 2
 2947 23
 2948 3
 2949 25
 2950 25
 2951 9
 2952 17
 2953 20
 2954 3
 2955 2
 2956 14
 2957 22
 2958 24
 2959 22
 2960 22
 2961 18
 2962 11
 2963 23
 2964 15
 2965 4
 2966 18
 2967 6
 2968 21
 2969 20
 2970 20
 2971 3
 2972 12
 2973 4
 2974 22
 2975 21
 2976 2
 2977 6
 2978 23
 2979 25
 2980 24
 2981 22
 2982 12
 2983 21
 2984 11
 2985 12
 2986 21
 2987 17
 2988 3
 2989 22
 2990 10
 2991 15
 2992 21
 2993 9
 2994 2
 2995 4
 2996 5
 2997 5
 2998 8
 2999 17
 3000 15
DEPOT_SECTION
 1
 -1
EOF
